11/25/2020-23:12:43.597838-2797,2797,2721,2983,142,132
11/25/2020-23:13:49.699365-2781,2781,2709,2982,149,142
11/25/2020-23:14:55.800745-2764,2764,2699,2982,147,125
11/25/2020-23:16:01.901577-2735,2734,2666,2982,146,127
11/25/2020-23:17:08.002738-2715,2715,2654,2982,140,142
11/25/2020-23:18:14.104211-2692,2690,2634,2982,139,142
11/25/2020-23:19:20.205170-2680,2680,2626,2981,149,145
11/25/2020-23:20:26.306296-2659,2660,2617,2981,147,142
11/25/2020-23:21:32.407620-2652,2651,2606,2981,139,134
11/25/2020-23:22:38.508885-2640,2641,2598,2981,141,139
11/25/2020-23:23:44.609853-2628,2629,2586,2981,141,130
11/25/2020-23:24:50.710827-2617,2620,2577,2981,142,131
11/25/2020-23:25:56.812575-2608,2609,2572,2981,142,129
11/25/2020-23:27:02.913592-2599,2601,2567,2980,140,139
11/25/2020-23:28:09.014854-2590,2589,2561,2980,140,132
11/25/2020-23:29:15.116339-2579,2581,2553,2979,142,123
11/25/2020-23:30:21.217531-2573,2572,2545,2979,133,143
11/25/2020-23:31:27.319238-2568,2568,2546,2979,136,136
11/25/2020-23:32:33.419912-2557,2558,2534,2979,138,130
11/25/2020-23:33:39.521129-2542,2541,2509,2979,141,138
11/25/2020-23:34:45.623165-2557,2560,2567,2978,136,138
11/25/2020-23:35:51.724042-2697,2700,2743,2977,145,137
11/25/2020-23:36:57.826314-2885,2887,2958,2976,145,134
11/25/2020-23:38:03.927293-3074,3075,3164,2977,139,128
11/25/2020-23:39:10.028143-3244,3245,3336,2977,147,133
11/25/2020-23:40:16.129678-3384,3385,3478,2975,142,133
11/25/2020-23:41:22.231737-3499,3500,3593,2975,145,102
11/25/2020-23:42:28.332260-3594,3595,3678,2975,138,122
11/25/2020-23:43:34.434306-3670,3668,3745,2975,143,110
11/25/2020-23:44:40.535618-3730,3729,3798,2975,146,138
11/25/2020-23:45:46.636555-3777,3777,3838,2974,145,119
11/25/2020-23:46:52.737848-3818,3818,3875,2973,147,135
11/25/2020-23:47:58.838740-3842,3842,3883,2973,141,120
11/25/2020-23:49:04.940153-3794,3792,3810,2973,124,130
11/25/2020-23:49:41.811638-3767,3766,3761,2973,142,134
11/25/2020-23:50:47.912052-3715,3715,3701,2973,143,117
11/25/2020-23:51:22.570960-3683,3681,3648,2973,131,129
11/25/2020-23:51:40.796124-3663,3664,3626,2972,139,133
11/25/2020-23:52:18.616637-3621,3621,3578,2972,136,126
11/25/2020-23:52:48.335731-3593,3592,3546,2972,147,138
11/25/2020-23:53:53.236780-3518,3518,3458,2972,136,137
11/25/2020-23:54:58.138644-3448,3449,3397,2971,139,127
11/25/2020-23:56:03.040535-3334,3334,3161,2972,145,142
11/25/2020-23:57:07.942143-3234,3236,3070,2971,140,130
11/25/2020-23:58:12.843340-3159,3159,2982,2971,149,129
