11/25/2020-23:12:42.398253-2458,2457,2458,2981,139,123
11/25/2020-23:13:48.499777-2460,2461,2456,2980,144,128
11/25/2020-23:14:54.601046-2467,2465,2466,2980,137,116
11/25/2020-23:16:00.702264-2468,2466,2468,2980,138,120
11/25/2020-23:17:06.803121-2468,2468,2466,2980,143,121
11/25/2020-23:18:12.904631-2472,2469,2470,2980,148,134
11/25/2020-23:19:19.005237-2471,2470,2473,2979,144,130
11/25/2020-23:20:25.106718-2474,2470,2476,2979,147,131
11/25/2020-23:21:31.207421-2465,2465,2463,2979,138,121
11/25/2020-23:22:37.308821-2471,2469,2467,2978,140,120
11/25/2020-23:23:43.410160-2472,2470,2468,2978,140,122
11/25/2020-23:24:49.511657-2469,2470,2471,2977,140,122
11/25/2020-23:25:55.612873-2465,2462,2465,2977,135,110
11/25/2020-23:27:01.714165-2461,2461,2449,2977,138,120
11/25/2020-23:28:07.815858-2459,2463,2463,2977,139,121
11/25/2020-23:29:13.917044-2462,2464,2463,2977,133,110
11/25/2020-23:30:20.017928-2465,2465,2463,2977,133,114
11/25/2020-23:31:26.119106-2468,2465,2470,2976,132,110
11/25/2020-23:32:32.220391-2469,2465,2480,2974,140,129
11/25/2020-23:33:38.321601-2469,2470,2477,2975,141,131
11/25/2020-23:34:44.423275-2467,2467,2539,2974,139,129
11/25/2020-23:35:50.525167-2485,2483,2595,2975,141,132
11/25/2020-23:36:56.626270-2508,2507,2570,2974,140,128
11/25/2020-23:38:02.727694-2510,2510,2538,2974,139,127
11/25/2020-23:39:08.828575-2512,2510,2522,2974,137,123
11/25/2020-23:40:14.929675-2515,2511,2517,2973,137,126
11/25/2020-23:41:21.031239-2517,2515,2525,2972,137,123
11/25/2020-23:42:27.132648-2518,2519,2529,2972,137,125
11/25/2020-23:43:33.234598-2518,2517,2520,2972,135,122
11/25/2020-23:44:39.334947-2519,2515,2523,2973,149,137
11/25/2020-23:45:45.437069-2515,2514,2522,2972,145,135
11/25/2020-23:46:51.537641-2500,2497,2508,2972,139,129
11/25/2020-23:47:57.639200-2504,2498,2500,2971,148,132
11/25/2020-23:49:03.741050-2496,2497,2496,2971,147,135
11/25/2020-23:49:40.611741-2496,2494,2500,2971,147,137
11/25/2020-23:50:46.712430-2493,2491,2502,2970,137,123
11/25/2020-23:51:21.370716-2483,2478,2500,2971,143,130
11/25/2020-23:51:39.596396-2473,2477,2498,2970,143,127
11/25/2020-23:52:17.417119-2474,2470,2486,2970,149,134
11/25/2020-23:52:47.135710-2472,2473,2485,2971,144,131
11/25/2020-23:53:52.037197-2473,2473,2493,2970,152,139
11/25/2020-23:54:56.938594-2460,2460,2481,2970,152,139
11/25/2020-23:56:01.840831-2458,2452,2472,2969,152,139
11/25/2020-23:57:06.742559-2444,2446,2467,2969,152,138
11/25/2020-23:58:11.643623-2435,2437,2454,2968,146,137
