12/01/2020-00:22:39.694714-4458,4456,4260,2681,137,131
12/01/2020-00:23:47.061678-4382,4381,4226,2681,140,133
12/01/2020-00:24:54.428774-4259,4259,4102,2681,142,136
12/01/2020-00:26:01.796366-4123,4120,3961,2681,140,134
12/01/2020-00:27:09.146711-3983,3981,3824,2682,139,127
12/01/2020-00:28:16.498968-3859,3859,3693,2681,145,133
12/01/2020-00:29:23.833381-3746,3743,3583,2681,144,135
12/01/2020-00:30:31.201164-3639,3638,3488,2682,140,134
12/01/2020-00:31:38.583986-3545,3544,3404,2682,140,131
12/01/2020-00:32:45.935048-3465,3464,3332,2682,145,127
12/01/2020-00:33:53.286807-3393,3390,3268,2682,143,127
12/01/2020-00:35:00.669417-3328,3326,3212,2682,141,138
12/01/2020-00:36:08.069396-3269,3269,3163,2682,141,123
12/01/2020-00:37:15.436387-3217,3217,3118,2682,143,127
12/01/2020-00:38:22.835604-3169,3169,3077,2683,139,129
12/01/2020-00:39:30.185856-3127,3126,3040,2682,140,131
12/01/2020-00:40:37.569829-3088,3089,3008,2683,142,133
12/01/2020-00:41:44.935630-3054,3053,2978,2682,146,137
12/01/2020-00:42:52.302429-3019,3018,2950,2683,139,128
12/01/2020-00:43:59.669789-3001,3013,2969,2682,139,134
12/01/2020-00:45:07.036963-3766,3777,3880,2682,142,135
12/01/2020-00:46:14.403595-4323,4331,4453,2682,137,131
12/01/2020-00:47:21.818471-4674,4678,4789,2682,140,133
12/01/2020-00:48:29.184706-4890,4893,4988,2682,139,129
12/01/2020-00:49:36.551489-5022,5024,5103,2682,138,130
12/01/2020-00:50:43.918653-5115,5115,5178,2682,136,130
12/01/2020-00:51:51.268255-5173,5174,5228,2682,135,130
12/01/2020-00:52:58.668325-5219,5221,5265,2682,139,128
12/01/2020-00:54:05.987555-5254,5254,5293,2682,135,130
12/01/2020-00:55:13.354300-5277,5277,5312,2682,136,132
12/01/2020-00:56:20.689994-5299,5299,5325,2682,138,129
12/01/2020-00:57:28.056782-5316,5317,5340,2681,138,131
12/01/2020-00:58:35.423845-5325,5325,5348,2683,137,131
12/01/2020-00:59:42.790033-5337,5336,5357,2683,139,128
12/01/2020-01:00:50.140454-5347,5347,5365,2683,138,130
12/01/2020-01:01:57.493189-5356,5356,5373,2682,139,130
12/01/2020-01:03:04.859922-5367,5366,5383,2683,137,128
12/01/2020-01:04:12.227274-5228,5219,5203,2683,139,131
12/01/2020-01:05:19.594033-4835,4832,4743,2683,141,130
12/01/2020-01:06:26.961748-4690,4687,4572,2683,142,130
12/01/2020-01:07:34.327578-4514,4511,4377,2683,142,136
12/01/2020-01:08:41.679407-4341,4339,4191,2684,142,134
12/01/2020-01:09:49.014290-4179,4178,4023,2684,144,134
12/01/2020-01:10:56.381938-4034,4027,3880,2684,141,134
12/01/2020-01:12:03.716554-3906,3905,3749,2685,140,129
12/01/2020-01:13:11.100041-3791,3790,3637,2685,140,129
12/01/2020-01:14:18.434842-3686,3683,3543,2686,141,129
12/01/2020-01:15:25.802297-3597,3596,3460,2686,143,127
12/01/2020-01:16:33.169246-3518,3517,3391,2686,144,139
12/01/2020-01:17:40.505226-3447,3445,3327,2687,137,134
12/01/2020-01:18:47.887459-3384,3383,3270,2687,146,136
12/01/2020-01:19:55.254973-3328,3326,3221,2687,143,129
12/01/2020-01:21:02.622374-3276,3275,3179,2687,141,137
12/01/2020-01:22:09.989717-3229,3228,3139,2687,144,128
12/01/2020-01:23:17.356953-3189,3187,3106,2687,144,134
12/01/2020-01:24:24.708585-3151,3150,3074,2687,138,122
12/01/2020-01:25:32.059066-3116,3116,3045,2687,146,137
12/01/2020-01:26:39.458550-3084,3084,3016,2687,141,137
12/01/2020-01:27:46.810570-3055,3055,2990,2687,142,126
12/01/2020-01:28:54.177526-3026,3026,2968,2687,142,128
