11/27/2020-14:35:48.725625-1857,1856,1826,2910,173,139
11/27/2020-14:36:56.013649-1867,1866,1834,2909,173,143
11/27/2020-14:38:03.272622-1877,1876,1840,2910,173,144
11/27/2020-14:39:10.606654-1878,1877,1847,2909,173,141
11/27/2020-14:40:17.912890-1883,1882,1855,2908,174,143
11/27/2020-14:41:25.277040-1892,1891,1860,2908,173,143
11/27/2020-14:42:32.639875-1892,1892,1865,2907,173,143
11/27/2020-14:43:40.035174-1895,1894,1869,2908,173,142
11/27/2020-14:44:47.383590-1902,1901,1875,2906,174,142
11/27/2020-14:45:54.714072-1907,1906,1881,2905,173,142
11/27/2020-14:47:02.078392-1913,1912,1886,2905,173,141
11/27/2020-14:48:09.442526-1919,1918,1894,2905,173,143
11/27/2020-14:49:16.819691-1924,1924,1899,2904,173,142
11/27/2020-14:50:24.168011-1929,1929,1903,2904,173,141
11/27/2020-14:51:31.516177-1933,1933,1908,2903,173,142
11/27/2020-14:52:38.879122-1940,1939,1913,2903,173,141
11/27/2020-14:53:46.258432-1946,1945,1918,2902,173,141
11/27/2020-14:54:53.605764-1951,1950,1923,2902,173,142
11/27/2020-14:56:00.970206-1952,1950,1924,2901,173,142
11/27/2020-14:57:08.316391-1953,1952,1926,2901,173,142
11/27/2020-14:58:15.680993-1951,1950,1926,2900,173,140
11/27/2020-14:59:23.044164-1950,1949,1924,2900,173,141
11/27/2020-15:00:30.408597-1950,1949,1924,2899,173,141
11/27/2020-15:01:37.756384-1949,1948,1923,2899,173,142
11/27/2020-15:02:45.119780-1949,1947,1923,2899,173,141
11/27/2020-15:03:52.484311-1953,1952,1926,2898,173,142
11/27/2020-15:04:59.847451-1952,1952,1926,2897,173,142
11/27/2020-15:06:07.194771-1955,1954,1928,2897,173,142
11/27/2020-15:07:14.543176-1958,1957,1933,2897,173,142
11/27/2020-15:08:21.906764-1963,1963,1937,2896,173,143
11/27/2020-15:09:29.270300-1971,1969,1944,2895,173,141
11/27/2020-15:10:36.633770-1974,1973,1948,2894,173,143
11/27/2020-15:11:43.981040-1978,1978,1952,2894,173,143
11/27/2020-15:12:51.361284-1983,1983,1957,2893,173,142
11/27/2020-15:13:58.708772-1989,1988,1962,2892,173,141
11/27/2020-15:15:06.072504-1993,1992,1967,2893,173,141
11/27/2020-15:16:13.452447-1999,1999,1973,2892,173,141
11/27/2020-15:17:20.784311-2001,2000,1976,2891,173,140
11/27/2020-15:18:28.148588-2007,2007,1980,2891,173,142
11/27/2020-15:19:35.527953-2011,2010,1984,2890,173,142
11/27/2020-15:20:42.874613-2010,2009,1982,2890,173,142
11/27/2020-15:21:50.238188-2011,2010,1983,2890,173,142
11/27/2020-15:22:57.586407-2013,2012,1984,2889,173,143
11/27/2020-15:24:04.948965-2014,2013,1985,2888,173,142
11/27/2020-15:25:12.329233-2016,2015,1989,2888,173,141
11/27/2020-15:26:19.693070-2016,2015,1988,2887,173,142
11/27/2020-15:27:27.088966-2018,2017,1990,2887,173,141
11/27/2020-15:28:34.453119-1999,1999,1962,2887,173,141
11/27/2020-15:29:41.817325-1980,1978,1946,2886,174,141
11/27/2020-15:30:49.164253-1970,1968,1931,2886,173,141
11/27/2020-15:31:56.528174-1954,1953,1919,2886,173,142
11/27/2020-15:33:03.892775-1938,1935,1893,2886,173,143
11/27/2020-15:34:11.271433-1925,1924,1891,2885,173,143
11/27/2020-15:35:18.619788-1920,1917,1877,2884,173,143
11/27/2020-15:36:25.983216-1908,1907,1872,2884,173,143
11/27/2020-15:37:33.346853-1899,1896,1855,2884,173,142
11/27/2020-15:38:40.726746-1899,1898,1864,2883,173,142
11/27/2020-15:39:48.090855-1905,1903,1871,2883,173,143
11/27/2020-15:40:55.438247-1910,1908,1877,2883,173,143
11/27/2020-15:42:02.786638-1887,1885,1844,2882,173,143
11/27/2020-15:43:10.149711-1868,1867,1825,2882,173,143
11/27/2020-15:44:17.529335-1853,1851,1812,2882,173,142
11/27/2020-15:45:24.907422-1842,1841,1800,2881,173,141
11/27/2020-15:46:32.254511-1838,1836,1797,2881,173,143
11/27/2020-15:47:39.650901-1826,1824,1786,2880,173,143
11/27/2020-15:48:46.998605-1824,1820,1784,2880,173,143
11/27/2020-15:49:54.361054-1814,1810,1772,2880,173,143
11/27/2020-15:51:01.740539-1801,1799,1752,2879,173,142
11/27/2020-15:52:09.104271-1790,1788,1750,2879,173,143
11/27/2020-15:53:16.468332-1790,1788,1745,2878,173,144
11/27/2020-15:54:23.848568-1780,1779,1744,2877,173,143
11/27/2020-15:55:31.195326-1784,1780,1742,2877,173,143
11/27/2020-15:56:38.543861-1798,1795,1761,2877,173,143
11/27/2020-15:57:45.906380-1794,1792,1752,2877,173,142
11/27/2020-15:58:53.286126-1795,1794,1758,2876,173,143
11/27/2020-16:00:00.666171-1779,1775,1731,2875,173,142
11/27/2020-16:01:08.045158-1767,1764,1719,2875,173,143
11/27/2020-16:02:15.424922-1779,1776,1739,2875,174,142
11/27/2020-16:03:22.788025-1799,1798,1766,2874,173,143
11/27/2020-16:04:30.135682-1808,1805,1774,2874,173,143
11/27/2020-16:05:37.482960-1808,1805,1767,2874,173,143
11/27/2020-16:06:44.830132-1795,1793,1757,2874,173,143
11/27/2020-16:07:52.178354-1775,1773,1736,2873,173,143
11/27/2020-16:08:59.525543-1779,1777,1741,2873,173,143
11/27/2020-16:10:06.888606-1779,1777,1742,2873,173,143
11/27/2020-16:11:14.268256-1784,1782,1751,2872,173,142
11/27/2020-16:12:21.631995-1782,1779,1746,2872,173,142
11/27/2020-16:13:29.411285-1773,1770,1731,2871,173,142
11/27/2020-16:14:36.772195-1768,1766,1730,2871,173,143
11/27/2020-16:15:44.136584-1769,1767,1735,2871,173,143
11/27/2020-16:16:51.515718-1768,1766,1731,2871,173,144
11/27/2020-16:17:58.896699-1761,1759,1723,2871,173,143
11/27/2020-16:19:06.275629-1759,1756,1717,2870,173,144
11/27/2020-16:20:13.623484-1733,1730,1683,2870,174,144
11/27/2020-16:21:21.002670-1742,1739,1701,2869,173,144
11/27/2020-16:22:28.349967-1752,1750,1707,2869,173,144
11/27/2020-16:23:35.682083-1745,1742,1701,2869,173,143
11/27/2020-16:24:43.029464-1741,1737,1702,2869,173,143
11/27/2020-16:25:50.408658-1715,1711,1658,2869,173,143
11/27/2020-16:26:57.787765-1705,1701,1655,2868,173,143
11/27/2020-16:28:05.151809-1695,1693,1647,2868,173,143
11/27/2020-16:29:12.515483-1683,1679,1632,2868,173,143
11/27/2020-16:30:19.879243-1678,1674,1628,2867,173,143
11/27/2020-16:31:27.242316-1672,1670,1622,2867,173,143
11/27/2020-16:32:34.622063-1680,1677,1632,2867,173,144
11/27/2020-16:33:41.969184-1673,1671,1622,2867,173,143
11/27/2020-16:34:49.348298-1668,1666,1626,2866,173,144
11/27/2020-16:35:56.711430-1681,1676,1642,2866,173,143
11/27/2020-16:37:04.106591-1668,1667,1627,2866,173,144
11/27/2020-16:38:11.470496-1670,1667,1627,2865,173,144
11/27/2020-16:39:18.817368-1679,1676,1638,2865,173,144
11/27/2020-16:40:26.180754-1692,1689,1653,2864,173,143
11/27/2020-16:41:33.543715-1693,1690,1659,2864,174,144
11/27/2020-16:42:40.923414-1688,1686,1653,2864,173,144
11/27/2020-16:43:48.287222-1726,1725,1699,2863,173,143
11/27/2020-16:44:55.650597-1768,1768,1740,2862,173,143
11/27/2020-16:46:02.998056-1799,1798,1767,2862,173,143
11/27/2020-16:47:10.376960-1817,1816,1784,2862,173,143
11/27/2020-16:48:17.772735-1831,1830,1798,2862,173,143
11/27/2020-16:49:25.152051-1840,1839,1808,2862,173,144
11/27/2020-20:50:12.905685-2005,2004,1975,2819,174,144

11/27/2020-20:51:20.268032-2004,2003,1974,2818,173,144

11/27/2020-20:52:27.634302-2004,2003,1972,2818,173,144

11/27/2020-20:53:34.979639-2001,2000,1972,2817,173,145

11/27/2020-20:54:42.342630-2003,2002,1973,2818,173,144

11/27/2020-20:55:49.690258-2018,2017,1985,2818,173,146

11/27/2020-20:56:57.068596-2030,2029,1998,2817,173,144

11/27/2020-20:58:04.432081-2031,2031,2008,2817,173,145

11/27/2020-20:59:11.796085-2034,2033,2014,2817,173,144

11/27/2020-21:00:19.159917-2038,2037,2018,2816,173,144

11/27/2020-21:01:26.507252-2044,2043,2023,2816,173,145

11/27/2020-21:02:33.887145-2049,2048,2029,2817,173,143

11/27/2020-21:03:41.266745-2055,2055,2035,2816,174,145

11/27/2020-21:04:48.662763-2064,2064,2040,2815,173,145

11/27/2020-21:05:56.025628-2073,2072,2048,2816,173,144

11/27/2020-21:07:03.374487-2073,2072,2050,2816,174,144

11/27/2020-21:08:10.736300-2073,2072,2050,2815,173,144

11/27/2020-21:09:18.083762-2073,2072,2052,2815,173,142

11/27/2020-21:10:25.464012-2072,2071,2052,2815,173,144

11/27/2020-21:11:32.827560-2072,2072,2050,2816,173,142

11/27/2020-21:12:40.191872-2074,2073,2050,2816,173,144

11/27/2020-21:13:47.522883-2074,2073,2052,2815,173,143

11/27/2020-21:14:54.902482-2074,2073,2052,2815,173,143

11/27/2020-21:16:02.249646-2076,2075,2053,2814,173,144

11/27/2020-21:17:09.613415-2078,2077,2050,2814,173,144

11/27/2020-21:18:16.976346-2080,2079,2052,2815,173,143

11/27/2020-21:19:24.324283-2081,2081,2052,2815,173,142

11/27/2020-21:20:31.703080-2082,2080,2054,2815,173,142

11/27/2020-21:21:39.066263-2080,2079,2054,2814,173,143

11/27/2020-21:22:46.415070-2080,2078,2054,2813,173,140

11/27/2020-21:23:53.778263-2080,2079,2055,2813,173,142

11/27/2020-21:25:01.158249-2079,2078,2055,2813,173,142

11/27/2020-21:26:08.521634-2079,2078,2054,2813,173,141

11/27/2020-21:27:15.917177-2080,2079,2054,2813,173,143

11/27/2020-21:28:23.313614-2081,2081,2057,2813,173,142

11/27/2020-21:29:30.692377-2088,2087,2062,2813,173,143

11/27/2020-21:30:38.056959-2092,2091,2072,2813,173,141

11/27/2020-21:31:45.434936-2094,2093,2078,2813,173,142

11/27/2020-21:32:52.783762-2097,2097,2082,2813,173,143

11/27/2020-21:34:00.146774-2099,2098,2084,2812,173,140

11/27/2020-21:35:07.526886-2103,2102,2087,2813,173,143

11/27/2020-21:36:14.874176-2107,2107,2092,2813,173,141

11/27/2020-21:37:22.237716-2112,2111,2096,2813,173,143

11/27/2020-21:38:29.585199-2114,2113,2099,2812,173,144

11/27/2020-21:39:36.948066-2118,2118,2103,2811,173,145

11/27/2020-21:40:44.296973-2123,2122,2106,2812,173,144

11/27/2020-21:41:51.676446-2127,2127,2111,2812,173,142

11/27/2020-21:42:59.039198-2131,2131,2114,2811,173,142

11/27/2020-21:44:06.402654-2134,2135,2118,2811,173,142

11/27/2020-21:45:13.765611-2139,2137,2121,2811,173,141

11/27/2020-21:46:21.145415-2141,2140,2124,2811,173,142

11/27/2020-21:47:28.524903-2143,2142,2126,2812,173,141

11/27/2020-21:48:35.887902-2142,2141,2126,2812,173,142

11/27/2020-21:49:43.251577-2142,2140,2124,2812,173,141

11/27/2020-21:50:50.598595-2141,2140,2123,2811,173,143

11/27/2020-21:51:57.961816-2139,2140,2123,2810,173,143

11/27/2020-21:53:05.309633-2148,2147,2126,2810,173,144

11/27/2020-21:54:12.673272-2147,2146,2127,2810,173,143

11/27/2020-21:55:20.036067-2147,2146,2126,2810,173,143

11/27/2020-21:56:27.384218-2147,2145,2127,2810,173,142

11/27/2020-21:57:34.747192-2146,2145,2127,2809,174,143

11/27/2020-21:58:42.110775-2147,2146,2128,2809,173,145

11/27/2020-21:59:49.473994-2152,2151,2129,2810,174,143

11/27/2020-22:00:56.822262-2152,2152,2131,2809,173,143

11/27/2020-22:02:04.233220-2156,2153,2131,2810,173,143

11/27/2020-22:03:11.596099-2157,2156,2133,2810,173,144

11/27/2020-22:04:18.976608-2162,2161,2138,2809,173,148

11/27/2020-22:05:26.340390-2163,2164,2138,2809,173,144

11/27/2020-22:06:33.687447-2163,2162,2142,2809,173,144

11/27/2020-22:07:41.067458-2166,2165,2143,2809,173,143

11/27/2020-22:08:48.431352-2167,2166,2150,2809,173,145

11/27/2020-22:09:55.810436-2168,2166,2153,2810,173,145

11/27/2020-22:11:03.189306-2170,2170,2156,2809,173,143

11/27/2020-22:12:10.570017-2172,2171,2158,2809,173,143

11/27/2020-22:13:17.902091-2177,2176,2163,2809,174,144

11/27/2020-22:14:25.266304-2181,2181,2168,2808,173,144

11/27/2020-22:15:32.614004-2186,2185,2171,2808,173,143

11/27/2020-22:16:39.945485-2190,2190,2175,2807,173,143

11/27/2020-22:17:47.309154-2194,2194,2179,2807,173,143

11/27/2020-22:18:54.671635-2197,2198,2182,2807,174,144

11/27/2020-22:20:02.019335-2202,2203,2187,2808,174,145

11/27/2020-22:21:09.366600-2205,2205,2190,2807,173,144

11/27/2020-22:22:16.731184-2210,2209,2195,2807,173,143

11/27/2020-22:23:24.095150-2215,2215,2199,2808,173,144

11/27/2020-22:24:31.458238-2220,2219,2203,2808,173,144

11/27/2020-22:25:38.822614-2225,2224,2210,2807,173,143

11/27/2020-22:26:46.185439-2240,2241,2216,2806,172,136

11/27/2020-22:27:53.550092-2252,2251,2228,2808,173,143

11/27/2020-22:29:00.929834-2250,2251,2227,2806,173,145

11/27/2020-22:30:08.325157-2252,2251,2230,2807,173,147

11/27/2020-22:31:15.689649-2255,2256,2230,2806,169,133

