11/27/2020-14:35:54.701392-3806,3818,3949,2918,127,119
11/27/2020-14:37:01.975821-4351,4361,4477,2918,127,114
11/27/2020-14:38:09.311859-4667,4673,4773,2918,126,116
11/27/2020-14:39:16.592779-4865,4868,4950,2918,125,117
11/27/2020-14:40:23.958413-4994,4998,5061,2917,124,116
11/27/2020-14:41:31.321993-5080,5083,5136,2917,124,114
11/27/2020-14:42:38.701117-5144,5144,5187,2917,123,116
11/27/2020-14:43:46.064072-5187,5188,5222,2917,124,116
11/27/2020-14:44:53.380377-5220,5222,5249,2917,123,115
11/27/2020-14:46:00.760344-5247,5247,5268,2917,124,116
11/27/2020-14:47:08.107881-5267,5267,5285,2916,121,112
11/27/2020-14:48:15.486289-5280,5281,5296,2916,122,114
11/27/2020-14:49:22.834337-5295,5294,5308,2916,124,114
11/27/2020-14:50:30.198017-5308,5308,5319,2916,125,115
11/27/2020-14:51:37.560602-5317,5317,5326,2914,121,113
11/27/2020-14:52:44.924155-5327,5327,5335,2914,125,115
11/27/2020-14:53:52.287698-5332,5333,5340,2914,124,116
11/27/2020-14:54:59.635779-4972,4960,4910,2914,125,116
11/27/2020-14:56:06.983237-4232,4242,3936,2914,126,115
11/27/2020-14:57:14.362675-3669,3672,3338,2914,127,115
11/27/2020-14:58:21.710903-3290,3305,3033,2914,127,118
11/27/2020-14:59:29.090814-3066,3073,2850,2913,128,116
11/27/2020-15:00:36.437377-2875,2883,2687,2913,128,121
11/27/2020-15:01:43.785371-2759,2765,2562,2914,128,120
11/27/2020-15:02:51.165490-2665,2672,2501,2914,130,121
11/27/2020-15:03:58.513301-2605,2610,2469,2913,129,117
11/27/2020-15:05:05.860980-2531,2536,2406,2913,131,114
11/27/2020-15:06:13.224416-3420,3441,3470,2913,129,120
11/27/2020-15:07:20.587184-4227,4238,4326,2913,126,117
11/27/2020-15:08:27.936116-4648,4654,4742,2912,126,116
11/27/2020-15:09:35.299684-4887,4890,4962,2912,126,117
11/27/2020-15:10:42.663420-5033,5037,5095,2912,124,115
11/27/2020-15:11:50.025938-5128,5129,5176,2912,125,115
11/27/2020-15:12:57.389922-5191,5192,5230,2911,126,117
11/27/2020-15:14:04.738219-5239,5239,5271,2912,125,116
11/27/2020-15:15:12.133666-5267,5269,5294,2912,126,117
11/27/2020-15:16:19.466327-5292,5293,5312,2911,121,112
11/27/2020-15:17:26.830162-5311,5312,5328,2912,123,115
11/27/2020-15:18:34.209341-5328,5327,5341,2911,124,115
11/27/2020-15:19:41.557243-5343,5343,5356,2910,124,115
11/27/2020-15:20:48.920575-5356,5356,5367,2910,121,113
11/27/2020-15:21:56.268057-5373,5372,5382,2909,119,110
11/27/2020-15:23:03.630890-5385,5385,5393,2909,119,111
11/27/2020-15:24:10.994550-5396,5396,5404,2909,121,112
11/27/2020-15:25:18.359194-5404,5404,5411,2909,119,110
11/27/2020-15:26:25.755230-5382,5377,5380,2908,120,112
11/27/2020-15:27:33.134082-4853,4842,4768,2909,120,113
11/27/2020-15:28:40.498254-4684,4685,4432,2908,121,113
11/27/2020-15:29:47.846443-4349,4356,3969,2908,123,114
11/27/2020-15:30:55.210433-4229,4227,3783,2909,122,112
11/27/2020-15:32:02.558111-4042,4045,3586,2908,125,114
11/27/2020-15:33:09.937531-4034,4037,3691,2908,123,114
11/27/2020-15:34:17.286668-3829,3832,3405,2908,123,113
11/27/2020-15:35:24.665186-3813,3813,3418,2908,124,113
11/27/2020-15:36:32.013055-3662,3660,3261,2908,124,115
11/27/2020-15:37:39.392675-3588,3594,3203,2908,125,112
11/27/2020-15:38:46.772674-3479,3482,3095,2908,123,112
11/27/2020-15:39:54.119932-3401,3405,3036,2908,125,112
11/27/2020-15:41:01.468231-3388,3390,3038,2908,125,115
11/27/2020-15:42:08.831956-3368,3369,3035,2908,125,115
11/27/2020-15:43:16.195246-3359,3361,3130,2908,124,114
11/27/2020-15:44:23.574158-3365,3367,3203,2908,126,117
11/27/2020-15:45:30.921377-3332,3333,3191,2907,127,112
11/27/2020-15:46:38.316814-3310,3311,3187,2907,126,118
11/27/2020-15:47:45.679322-3270,3271,3156,2907,126,114
11/27/2020-15:48:53.043632-3237,3237,3128,2907,125,115
11/27/2020-15:50:00.406788-3209,3210,3118,2907,128,115
11/27/2020-15:51:07.770352-3155,3155,3050,2907,127,114
11/27/2020-15:52:15.134284-3121,3122,3028,2907,125,121
11/27/2020-15:53:22.529605-3088,3088,3000,2906,127,111
11/27/2020-15:54:29.861413-3065,3067,2994,2906,122,116
11/27/2020-15:55:37.225590-3054,3055,2975,2906,127,120
11/27/2020-15:56:44.587837-3028,3029,2956,2905,126,112
11/27/2020-15:57:51.951248-3003,3002,2929,2905,128,114
11/27/2020-15:58:59.347390-2983,2982,2910,2905,126,111
11/27/2020-16:00:06.711005-2947,2951,2875,2905,124,113
11/27/2020-16:01:14.105413-2924,2925,2858,2905,129,115
11/27/2020-16:02:21.469157-2916,2918,2845,2905,129,117
11/27/2020-16:03:28.818462-2912,2913,2860,2905,129,118
11/27/2020-16:04:36.164977-2904,2904,2856,2905,129,118
11/27/2020-16:05:43.512270-2883,2884,2827,2904,129,116
11/27/2020-16:06:50.858331-2870,2870,2814,2904,129,119
11/27/2020-16:07:58.191276-2844,2844,2791,2905,130,115
11/27/2020-16:09:05.554839-2832,2833,2778,2905,132,119
11/27/2020-16:10:12.933772-2816,2816,2764,2905,131,120
11/27/2020-16:11:20.311886-2794,2794,2743,2904,133,123
11/27/2020-16:12:28.076576-2784,2786,2736,2904,131,119
11/27/2020-16:13:35.440236-2753,2754,2705,2904,133,120
11/27/2020-16:14:42.803419-2744,2745,2696,2904,132,120
11/27/2020-16:15:50.182621-2732,2733,2683,2904,131,121
11/27/2020-16:16:57.560880-2719,2721,2672,2904,132,120
11/27/2020-16:18:04.941441-2706,2707,2661,2904,132,120
11/27/2020-16:19:12.304827-2694,2695,2651,2904,131,119
11/27/2020-16:20:19.668869-2677,2677,2635,2903,132,120
11/27/2020-16:21:27.032637-2667,2667,2629,2903,132,118
11/27/2020-16:22:34.363158-2662,2662,2620,2903,131,120
11/27/2020-16:23:41.711334-2643,2643,2603,2903,131,121
11/27/2020-16:24:49.074937-2637,2637,2598,2903,131,119
11/27/2020-16:25:56.454731-2618,2618,2580,2902,131,118
11/27/2020-16:27:03.833962-2610,2611,2572,2902,132,120
11/27/2020-16:28:11.181300-2597,2598,2562,2902,132,121
11/27/2020-16:29:18.545582-2588,2588,2553,2902,132,118
11/27/2020-16:30:25.923790-2578,2577,2543,2902,131,121
11/27/2020-16:31:33.288472-2568,2567,2535,2902,132,118
11/27/2020-16:32:40.651433-2568,2568,2532,2902,131,121
11/27/2020-16:33:48.014287-2555,2556,2523,2902,132,118
11/27/2020-16:34:55.394175-2548,2548,2516,2902,132,118
11/27/2020-16:36:02.772636-2541,2541,2510,2901,131,120
11/27/2020-16:37:10.136525-2534,2534,2502,2901,131,119
11/27/2020-16:38:17.483767-2529,2528,2496,2901,131,118
11/27/2020-16:39:24.846588-2523,2523,2492,2901,131,122
11/27/2020-16:40:32.226642-2519,2518,2489,2901,132,121
11/27/2020-16:41:39.588546-2518,2518,2486,2901,131,116
11/27/2020-16:42:46.968167-2510,2511,2482,2901,131,118
11/27/2020-16:43:54.331782-2509,2509,2480,2900,132,120
11/27/2020-16:45:01.680430-2506,2506,2477,2900,132,119
11/27/2020-16:46:09.042943-2503,2504,2477,2900,131,118
11/27/2020-16:47:16.439101-2501,2500,2475,2900,133,122
11/27/2020-16:48:23.817846-2499,2499,2473,2900,130,116
11/27/2020-20:50:18.934483-2405,2405,2379,2878,131,117

11/27/2020-20:51:26.297626-2400,2399,2374,2878,129,110

11/27/2020-20:52:33.661218-2394,2393,2369,2878,131,107

11/27/2020-20:53:41.024621-2391,2390,2365,2878,130,112

11/27/2020-20:54:48.372129-2832,2851,2927,2878,130,113

11/27/2020-20:55:55.736067-3752,3765,3912,2878,129,115

11/27/2020-20:57:03.097584-4331,4340,4473,2877,128,116

11/27/2020-20:58:10.461938-4674,4679,4786,2878,127,118

11/27/2020-20:59:17.841673-4883,4889,4976,2876,127,115

11/27/2020-21:00:25.190000-5021,5024,5093,2877,126,115

11/27/2020-21:01:32.568939-5116,5117,5171,2877,126,114

11/27/2020-21:02:39.932070-5183,5184,5226,2877,125,115

11/27/2020-21:03:47.327421-5222,5222,5257,2877,125,115

11/27/2020-21:04:54.691875-5263,5263,5292,2876,123,113

11/27/2020-21:06:02.055819-4862,4849,4809,2876,126,115

11/27/2020-21:07:09.403936-4312,4327,3984,2876,127,118

11/27/2020-21:08:16.766922-3883,3895,3597,2876,127,118

11/27/2020-21:09:24.130863-3660,3672,3379,2876,126,111

11/27/2020-21:10:31.509672-3440,3452,3157,2876,126,108

11/27/2020-21:11:38.857200-3254,3263,2990,2877,127,122

11/27/2020-21:12:46.204523-3128,3134,2869,2876,129,118

11/27/2020-21:13:53.568079-3016,3023,2755,2876,128,112

11/27/2020-21:15:00.931507-2933,2940,2703,2876,127,118

11/27/2020-21:16:08.295057-2903,2906,2666,2877,131,124

11/27/2020-21:17:15.657762-2843,2846,2622,2877,129,123

11/27/2020-21:18:23.005486-2792,2796,2599,2877,129,122

11/27/2020-21:19:30.368513-2761,2764,2570,2876,127,117

11/27/2020-21:20:37.748824-2696,2699,2519,2876,131,124

11/27/2020-21:21:45.096840-2678,2681,2501,2876,127,120

11/27/2020-21:22:52.460922-2631,2633,2469,2876,127,121

11/27/2020-21:23:59.824282-2621,2623,2454,2876,127,100

11/27/2020-21:25:07.186679-2565,2567,2425,2876,127,121

11/27/2020-21:26:14.583739-2530,2531,2398,2876,130,102

11/27/2020-21:27:21.978768-2492,2494,2368,2876,128,112

11/27/2020-21:28:29.359528-3123,3142,3200,2876,128,108

11/27/2020-21:29:36.738106-3986,4001,4119,2876,127,118

11/27/2020-21:30:44.101751-4482,4491,4604,2876,125,112

11/27/2020-21:31:51.465228-4775,4779,4873,2875,126,115

11/27/2020-21:32:58.829235-4955,4957,5032,2875,125,114

11/27/2020-21:34:06.191939-5074,5076,5136,2875,124,113

11/27/2020-21:35:13.540511-5150,5151,5200,2875,123,114

11/27/2020-21:36:20.918089-5209,5209,5246,2875,123,113

11/27/2020-21:37:28.265859-5252,5253,5283,2875,125,116

11/27/2020-21:38:35.615327-5292,5292,5315,2875,123,114

11/27/2020-21:39:42.978027-5302,5302,5320,2875,126,116

11/27/2020-21:40:50.342353-5322,5322,5338,2875,123,114

11/27/2020-21:41:57.705522-5337,5336,5351,2874,125,116

11/27/2020-21:43:05.068822-5350,5350,5363,2874,123,113

11/27/2020-21:44:12.447262-5359,5359,5369,2874,124,114

11/27/2020-21:45:19.810815-5353,5349,5355,2874,122,112

11/27/2020-21:46:27.205536-4843,4830,4760,2873,126,116

11/27/2020-21:47:34.553372-4343,4357,4050,2874,126,115

11/27/2020-21:48:41.917353-3880,3895,3551,2874,128,119

11/27/2020-21:49:49.264843-3617,3627,3300,2875,126,118

11/27/2020-21:50:56.628148-3467,3475,3098,2874,127,117

11/27/2020-21:52:03.975350-3293,3300,2995,2875,129,116

11/27/2020-21:53:11.354303-3162,3166,2882,2875,127,118

11/27/2020-21:54:18.702279-3037,3044,2799,2875,130,122

11/27/2020-21:55:26.065627-2961,2967,2734,2875,128,119

11/27/2020-21:56:33.429325-2900,2905,2686,2875,130,118

11/27/2020-21:57:40.792382-2836,2840,2634,2875,128,122

11/27/2020-21:58:48.140530-2800,2803,2609,2874,131,122

11/27/2020-21:59:55.503336-2705,2708,2542,2875,130,122

11/27/2020-22:01:02.899153-2641,2645,2494,2875,130,122

11/27/2020-22:02:10.262225-2588,2592,2437,2875,129,114

11/27/2020-22:03:17.657641-2536,2539,2417,2875,129,108

11/27/2020-22:04:25.022130-2510,2513,2368,2875,128,116

11/27/2020-22:05:32.369864-2470,2472,2372,2875,129,124

11/27/2020-22:06:39.733407-2917,2938,2954,2875,131,123

11/27/2020-22:07:47.113837-3925,3937,4049,2874,128,118

11/27/2020-22:08:54.492578-4469,4476,4587,2874,127,114

11/27/2020-22:10:01.855196-4782,4788,4883,2874,127,116

11/27/2020-22:11:09.234548-4975,4978,5054,2874,126,114

11/27/2020-22:12:16.583249-5099,5102,5162,2874,125,116

11/27/2020-22:13:23.947665-5180,5180,5229,2874,124,115

11/27/2020-22:14:31.294976-5238,5239,5277,2874,124,114

11/27/2020-22:15:38.627005-5282,5282,5313,2873,125,116

11/27/2020-22:16:45.974432-5314,5314,5338,2873,124,116

11/27/2020-22:17:53.338165-5335,5337,5357,2873,125,115

11/27/2020-22:19:00.701093-5356,5354,5372,2873,124,116

11/27/2020-22:20:08.033697-5370,5369,5383,2873,125,114

11/27/2020-22:21:15.412936-5382,5382,5392,2873,124,114

11/27/2020-22:22:22.775120-5391,5391,5401,2873,124,116

11/27/2020-22:23:30.139944-5399,5399,5406,2873,124,114

11/27/2020-22:24:37.486970-5408,5407,5414,2873,125,116

11/27/2020-22:25:44.851237-5417,5417,5424,2873,123,114

11/27/2020-22:26:52.232025-5420,5419,5424,2873,124,115

11/27/2020-22:27:59.594443-5426,5426,5431,2873,125,115

11/27/2020-22:29:06.991241-5099,5089,5042,2873,125,115

11/27/2020-22:30:14.371937-4534,4544,4273,2873,127,116

11/27/2020-22:31:21.749917-4054,4067,3657,2872,098,104

