11/27/2020-14:35:52.314230-2465,2457,2608,2734,148,138
11/27/2020-14:36:59.586819-2866,2858,3061,2733,146,144
11/27/2020-14:38:06.887035-3253,3248,3458,2732,141,149
11/27/2020-14:39:14.202175-3570,3563,3747,2732,146,155
11/27/2020-14:40:21.527477-3812,3807,3965,2732,144,144
11/27/2020-14:41:28.907327-3999,3993,4122,2731,146,132
11/27/2020-14:42:36.268936-4138,4135,4235,2731,147,132
11/27/2020-14:43:43.649660-4245,4241,4314,2731,146,127
11/27/2020-14:44:50.982071-4319,4319,4376,2731,144,151
11/27/2020-14:45:58.343962-4384,4381,4423,2731,145,149
11/27/2020-14:47:05.707679-4429,4427,4459,2731,142,149
11/27/2020-14:48:13.056511-4466,4465,4488,2731,143,135
11/27/2020-14:49:20.435541-4499,4497,4514,2731,144,148
11/27/2020-14:50:27.782556-4528,4527,4536,2731,143,146
11/27/2020-14:51:35.145863-4551,4550,4554,2731,142,129
11/27/2020-14:52:42.509935-4570,4569,4573,2731,141,126
11/27/2020-14:53:49.872738-4589,4588,4587,2731,144,147
11/27/2020-14:54:57.220279-4551,4554,4516,2731,146,135
11/27/2020-14:56:04.584220-4371,4375,4321,2731,142,143
11/27/2020-14:57:11.947419-4185,4189,4120,2731,144,140
11/27/2020-14:58:19.310543-3999,4004,3916,2731,143,146
11/27/2020-14:59:26.659708-3837,3843,3741,2731,143,151
11/27/2020-15:00:34.023852-3689,3694,3584,2731,142,150
11/27/2020-15:01:41.370200-3555,3561,3456,2731,145,153
11/27/2020-15:02:48.750370-3443,3445,3340,2731,148,132
11/27/2020-15:03:56.098335-3366,3368,3252,2731,147,152
11/27/2020-15:05:03.445691-3272,3278,3175,2731,144,154
11/27/2020-15:06:10.825270-3237,3238,3183,2731,142,143
11/27/2020-15:07:18.174011-3396,3395,3428,2731,143,129
11/27/2020-15:08:25.521275-3636,3633,3720,2731,144,154
11/27/2020-15:09:32.884626-3872,3866,3968,2731,142,152
11/27/2020-15:10:40.249205-4066,4063,4157,2731,146,148
11/27/2020-15:11:47.596454-4216,4213,4293,2730,141,145
11/27/2020-15:12:54.990781-4327,4325,4394,2730,144,130
11/27/2020-15:14:02.338790-4412,4409,4464,2730,143,150
11/27/2020-15:15:09.704005-4475,4475,4516,2730,143,132
11/27/2020-15:16:17.050996-4524,4524,4554,2730,141,147
11/27/2020-15:17:24.414374-4564,4562,4584,2730,145,145
11/27/2020-15:18:31.794758-4595,4593,4608,2730,141,150
11/27/2020-15:19:39.142400-4612,4610,4622,2730,142,148
11/27/2020-15:20:46.505251-4623,4624,4633,2730,143,138
11/27/2020-15:21:53.852750-4639,4637,4643,2730,143,149
11/27/2020-15:23:01.200168-4651,4650,4656,2730,146,148
11/27/2020-15:24:08.563469-4664,4664,4666,2730,140,150
11/27/2020-15:25:15.943421-4676,4676,4679,2730,143,140
11/27/2020-15:26:23.323384-4684,4685,4687,2730,143,128
11/27/2020-15:27:30.703863-4613,4616,4568,2731,145,135
11/27/2020-15:28:38.083523-4498,4500,4467,2730,142,148
11/27/2020-15:29:45.431549-4378,4379,4330,2730,144,151
11/27/2020-15:30:52.794973-4241,4244,4183,2730,147,129
11/27/2020-15:32:00.142890-4109,4112,4022,2730,143,134
11/27/2020-15:33:07.523089-3915,3921,3811,2730,145,152
11/27/2020-15:34:14.870793-3713,3717,3579,2730,143,136
11/27/2020-15:35:22.250950-3612,3613,3494,2730,144,153
11/27/2020-15:36:29.598323-3505,3509,3401,2730,142,152
11/27/2020-15:37:36.978073-3412,3417,3317,2730,148,154
11/27/2020-15:38:44.356824-3322,3325,3223,2730,148,154
11/27/2020-15:39:51.721764-3254,3253,3159,2730,147,153
11/27/2020-15:40:59.037255-3188,3189,3106,2730,147,154
11/27/2020-15:42:06.416678-3079,3082,3019,2730,147,153
11/27/2020-15:43:13.779796-2962,2964,2899,2730,148,154
11/27/2020-15:44:21.159485-2804,2803,2734,2730,144,152
11/27/2020-15:45:28.522555-2562,2562,2480,2730,143,150
11/27/2020-15:46:35.885769-2418,2416,2318,2729,146,135
11/27/2020-15:47:43.264676-2218,2219,2098,2729,146,147
11/27/2020-15:48:50.629046-2064,2064,1940,2729,143,147
11/27/2020-15:49:57.992485-1961,1960,1850,2729,143,149
11/27/2020-15:51:05.355860-1802,1800,1713,2728,146,148
11/27/2020-15:52:12.734751-1753,1752,1669,2728,139,139
11/27/2020-15:53:20.114704-1699,1697,1623,2728,142,132
11/27/2020-15:54:27.462413-1659,1657,1595,2728,148,150
11/27/2020-15:55:34.809910-1637,1636,1589,2727,146,147
11/27/2020-15:56:42.174010-1634,1632,1596,2727,148,135
11/27/2020-15:57:49.536080-1606,1605,1576,2727,148,148
11/27/2020-15:58:56.916376-1592,1591,1567,2727,147,147
11/27/2020-16:00:04.280229-1553,1553,1532,2726,145,149
11/27/2020-16:01:11.674922-1529,1528,1518,2726,142,147
11/27/2020-16:02:19.039121-1538,1537,1529,2726,145,142
11/27/2020-16:03:26.403199-1551,1549,1543,2725,141,145
11/27/2020-16:04:33.749873-1555,1553,1550,2725,143,146
11/27/2020-16:05:41.099602-1540,1539,1540,2725,147,148
11/27/2020-16:06:48.445012-1535,1533,1538,2723,146,137
11/27/2020-16:07:55.792132-1497,1498,1504,2724,146,139
11/27/2020-16:09:03.138841-1497,1497,1499,2723,147,146
11/27/2020-16:10:10.533932-1496,1494,1504,2723,148,135
11/27/2020-16:11:17.898182-1492,1491,1499,2724,143,125
11/27/2020-16:12:25.661584-1491,1491,1501,2723,145,149
11/27/2020-16:13:33.024790-1460,1459,1472,2722,145,132
11/27/2020-16:14:40.387865-1465,1463,1478,2722,146,150
11/27/2020-16:15:47.768030-1465,1463,1481,2721,147,149
11/27/2020-16:16:55.146430-1460,1459,1478,2721,148,147
11/27/2020-16:18:02.527050-1450,1448,1473,2721,148,146
11/27/2020-16:19:09.890513-1445,1445,1467,2721,147,127
11/27/2020-16:20:17.253349-1414,1412,1434,2721,144,148
11/27/2020-16:21:24.617433-1425,1424,1446,2721,143,150
11/27/2020-16:22:31.948558-1417,1418,1433,2720,148,149
11/27/2020-16:23:39.296260-1410,1408,1430,2720,145,132
11/27/2020-16:24:46.660496-1413,1412,1435,2720,147,127
11/27/2020-16:25:54.039103-1348,1347,1354,2719,144,149
11/27/2020-16:27:01.417401-1356,1354,1367,2719,148,142
11/27/2020-16:28:08.782719-1334,1333,1344,2719,148,141
11/27/2020-16:29:16.146997-1336,1336,1357,2719,145,133
11/27/2020-16:30:23.509482-1312,1312,1328,2718,141,131
11/27/2020-16:31:30.873151-1312,1311,1325,2718,146,149
11/27/2020-16:32:38.251248-1327,1326,1343,2718,147,143
11/27/2020-16:33:45.583988-1318,1318,1336,2717,146,145
11/27/2020-16:34:52.978616-1321,1320,1342,2717,144,143
11/27/2020-16:36:00.341833-1333,1332,1352,2717,147,135
11/27/2020-16:37:07.720250-1315,1314,1337,2717,148,144
11/27/2020-16:38:15.084744-1321,1319,1344,2716,141,149
11/27/2020-16:39:22.431460-1339,1338,1364,2716,146,144
11/27/2020-16:40:29.827242-1351,1349,1377,2716,141,141
11/27/2020-16:41:37.174284-1348,1347,1373,2715,142,142
11/27/2020-16:42:44.536498-1340,1338,1366,2715,148,142
11/27/2020-16:43:51.900501-1423,1422,1465,2715,148,147
11/27/2020-16:44:59.281117-1501,1500,1553,2715,147,118
11/27/2020-16:46:06.628628-1557,1555,1612,2715,141,147
11/27/2020-16:47:14.007656-1597,1597,1651,2715,147,139
11/27/2020-16:48:21.402783-1630,1630,1684,2714,147,135
