11/27/2020-14:35:53.516082-2698,2698,2882,2799,123,135
11/27/2020-14:37:00.772883-2998,2997,3250,2799,134,135
11/27/2020-14:38:08.107617-3262,3262,3555,2798,120,123
11/27/2020-14:39:15.389307-3485,3486,3786,2798,122,119
11/27/2020-14:40:22.744007-3669,3671,3964,2798,132,129
11/27/2020-14:41:30.122570-3819,3822,4111,2799,132,123
11/27/2020-14:42:37.484895-3937,3943,4222,2798,130,121
11/27/2020-14:43:44.849469-4035,4038,4314,2799,132,127
11/27/2020-14:44:52.180980-4114,4114,4372,2798,117,124
11/27/2020-14:45:59.544188-4180,4184,4431,2798,123,128
11/27/2020-14:47:06.908006-4239,4241,4479,2798,124,117
11/27/2020-14:48:14.271064-4285,4291,4524,2798,121,110
11/27/2020-14:49:21.634888-4335,4341,4567,2797,116,107
11/27/2020-14:50:28.998795-4383,4386,4598,2798,125,121
11/27/2020-14:51:36.362215-4418,4424,4629,2797,123,124
11/27/2020-14:52:43.723895-4453,4459,4658,2796,129,122
11/27/2020-14:53:51.086912-4482,4487,4679,2796,123,119
11/27/2020-14:54:58.435721-4444,4449,4598,2796,118,105
11/27/2020-14:56:05.783274-4211,4208,4176,2796,122,112
11/27/2020-14:57:13.146672-3793,3791,3631,2795,121,118
11/27/2020-14:58:20.511285-3491,3492,3290,2794,129,127
11/27/2020-14:59:27.874850-3282,3282,3071,2793,131,127
11/27/2020-15:00:35.223233-3126,3126,2925,2793,132,123
11/27/2020-15:01:42.570362-2991,2989,2796,2793,127,124
11/27/2020-15:02:49.949558-2895,2891,2717,2793,132,133
11/27/2020-15:03:57.313024-2823,2821,2646,2792,121,133
11/27/2020-15:05:04.661982-2753,2752,2589,2792,131,128
11/27/2020-15:06:12.024778-2899,2896,2914,2792,131,123
11/27/2020-15:07:19.388468-3224,3223,3354,2792,128,123
11/27/2020-15:08:26.736534-3521,3522,3708,2791,131,119
11/27/2020-15:09:34.084326-3760,3762,3977,2791,125,112
11/27/2020-15:10:41.463500-3938,3946,4168,2791,129,128
11/27/2020-15:11:48.810372-4084,4085,4311,2791,120,124
11/27/2020-15:12:56.192061-4198,4199,4423,2791,128,107
11/27/2020-15:14:03.539035-4283,4289,4504,2791,118,121
11/27/2020-15:15:10.919302-4343,4351,4561,2791,124,101
11/27/2020-15:16:18.250921-4402,4407,4611,2791,129,123
11/27/2020-15:17:25.630151-4450,4456,4658,2790,124,121
11/27/2020-15:18:33.010403-4491,4498,4693,2789,130,123
11/27/2020-15:19:40.357037-4534,4540,4721,2789,131,122
11/27/2020-15:20:47.721506-4571,4577,4757,2789,122,124
11/27/2020-15:21:55.053058-4608,4614,4790,2789,123,120
11/27/2020-15:23:02.415795-4635,4639,4817,2789,122,118
11/27/2020-15:24:09.779960-4668,4672,4843,2789,125,123
11/27/2020-15:25:17.159186-4695,4699,4865,2789,129,121
11/27/2020-15:26:24.538133-4714,4719,4880,2789,125,111
11/27/2020-15:27:31.918864-4581,4584,4692,2788,120,100
11/27/2020-15:28:39.282679-4453,4455,4539,2789,128,119
11/27/2020-15:29:46.630857-4342,4347,4371,2788,128,117
11/27/2020-15:30:53.994025-4212,4214,4196,2788,124,109
11/27/2020-15:32:01.342892-4122,4123,4074,2788,131,118
11/27/2020-15:33:08.721754-4014,4017,4002,2788,122,120
11/27/2020-15:34:16.085013-3938,3940,3891,2787,118,129
11/27/2020-15:35:23.449954-3840,3841,3789,2787,130,124
11/27/2020-15:36:30.797798-3767,3769,3703,2786,126,117
11/27/2020-15:37:38.177268-3684,3686,3624,2786,130,131
11/27/2020-15:38:45.557179-3612,3613,3536,2785,128,131
11/27/2020-15:39:52.920869-3529,3530,3452,2785,119,130
11/27/2020-15:41:00.251741-3455,3456,3390,2785,132,132
11/27/2020-15:42:07.631670-3399,3400,3364,2785,121,124
11/27/2020-15:43:14.995803-3325,3327,3304,2784,126,130
11/27/2020-15:44:22.373744-3261,3262,3248,2784,119,127
11/27/2020-15:45:29.722041-3212,3214,3205,2784,129,132
11/27/2020-15:46:37.100283-3163,3162,3160,2784,131,134
11/27/2020-15:47:44.464702-3122,3122,3124,2785,132,127
11/27/2020-15:48:51.828231-3082,3084,3089,2784,118,130
11/27/2020-15:49:59.191498-3057,3058,3068,2784,134,134
11/27/2020-15:51:06.556095-3021,3025,3032,2784,134,133
11/27/2020-15:52:13.934274-3004,3004,3019,2783,126,133
11/27/2020-15:53:21.330202-2974,2973,2994,2783,122,126
11/27/2020-15:54:28.661725-2958,2959,2978,2783,124,131
11/27/2020-15:55:36.025119-2934,2934,2960,2783,126,130
11/27/2020-15:56:43.373644-2918,2918,2943,2783,123,135
11/27/2020-15:57:50.737242-2899,2899,2927,2782,129,133
11/27/2020-15:58:58.131019-2881,2879,2912,2782,123,137
11/27/2020-16:00:05.495529-2862,2861,2891,2782,133,130
11/27/2020-16:01:12.890993-2844,2844,2877,2782,134,137
11/27/2020-16:02:20.254713-2830,2829,2865,2781,135,137
11/27/2020-16:03:27.618198-2815,2813,2850,2781,135,127
11/27/2020-16:04:34.965934-2799,2798,2835,2781,125,127
11/27/2020-16:05:42.312872-2784,2784,2820,2781,122,137
11/27/2020-16:06:49.644555-2771,2771,2809,2781,135,129
11/27/2020-16:07:56.991685-2757,2756,2794,2781,123,130
11/27/2020-16:09:04.354297-2744,2743,2781,2780,135,133
11/27/2020-16:10:11.733007-2731,2731,2770,2780,130,134
11/27/2020-16:11:19.112608-2722,2721,2759,2780,123,131
11/27/2020-16:12:26.860855-2711,2711,2750,2779,131,134
11/27/2020-16:13:34.223926-2697,2697,2735,2779,128,131
11/27/2020-16:14:41.603108-2687,2686,2726,2779,124,133
11/27/2020-16:15:48.967032-2679,2678,2719,2779,131,132
11/27/2020-16:16:56.346679-2667,2667,2709,2779,134,138
11/27/2020-16:18:03.726251-2658,2658,2697,2778,132,134
11/27/2020-16:19:11.089590-2650,2650,2689,2778,122,128
11/27/2020-16:20:18.453544-2639,2638,2679,2778,123,137
11/27/2020-16:21:25.832403-2631,2629,2671,2778,130,131
11/27/2020-16:22:33.163762-2622,2622,2662,2778,120,135
11/27/2020-16:23:40.511176-2614,2612,2653,2777,132,137
11/27/2020-16:24:47.859562-2606,2606,2647,2777,121,137
11/27/2020-16:25:55.254067-2595,2594,2634,2777,122,132
11/27/2020-16:27:02.633629-2590,2589,2630,2777,136,136
11/27/2020-16:28:09.981878-2581,2579,2620,2777,136,135
11/27/2020-16:29:17.346254-2572,2571,2612,2777,135,137
11/27/2020-16:30:24.709035-2564,2565,2604,2776,135,137
11/27/2020-16:31:32.073182-2557,2558,2598,2776,120,135
11/27/2020-16:32:39.451504-2554,2553,2593,2775,129,137
11/27/2020-16:33:46.798079-2545,2544,2585,2775,136,130
11/27/2020-16:34:54.178248-2538,2539,2580,2775,129,137
11/27/2020-16:36:01.558406-2533,2533,2575,2775,120,136
11/27/2020-16:37:08.937119-2525,2525,2565,2775,131,132
11/27/2020-16:38:16.283938-2520,2520,2559,2775,130,133
11/27/2020-16:39:23.647976-2515,2513,2555,2774,129,130
11/27/2020-16:40:31.026527-2511,2509,2550,2774,128,138
11/27/2020-16:41:38.373864-2505,2504,2547,2774,129,137
11/27/2020-16:42:45.753208-2499,2499,2540,2774,123,140
11/27/2020-16:43:53.116320-2495,2494,2537,2775,124,129
11/27/2020-16:45:00.480887-2492,2490,2534,2773,134,138
11/27/2020-16:46:07.828286-2487,2486,2530,2773,123,131
11/27/2020-16:47:15.223321-2484,2483,2526,2773,125,132
11/27/2020-16:48:22.603305-2480,2480,2523,2772,124,132
11/27/2020-20:50:17.734979-2379,2379,2417,2745,099,136

11/27/2020-20:51:25.098269-2374,2373,2413,2746,124,135

11/27/2020-20:52:32.446373-2369,2369,2410,2746,125,136

11/27/2020-20:53:39.825895-2367,2366,2407,2744,098,132

11/27/2020-20:54:47.172480-2419,2417,2499,2745,128,138

11/27/2020-20:55:54.536731-2782,2782,2968,2745,107,136

11/27/2020-20:57:01.883397-3187,3185,3424,2744,125,134

11/27/2020-20:58:09.261354-3523,3526,3790,2745,125,127

11/27/2020-20:59:16.626331-3786,3792,4056,2745,126,128

11/27/2020-21:00:23.990776-3984,3994,4247,2746,108,121

11/27/2020-21:01:31.353641-4137,4146,4391,2746,117,119

11/27/2020-21:02:38.732862-4260,4266,4500,2746,125,124

11/27/2020-21:03:46.112596-4351,4355,4577,2747,123,112

11/27/2020-21:04:53.492491-4424,4430,4638,2747,123,121

11/27/2020-21:06:00.857086-4365,4370,4521,2746,121,123

11/27/2020-21:07:08.204070-4134,4133,4171,2746,124,126

11/27/2020-21:08:15.550850-3824,3825,3773,2745,124,122

11/27/2020-21:09:22.931175-3586,3588,3456,2746,125,130

11/27/2020-21:10:30.309228-3426,3428,3310,2745,116,130

11/27/2020-21:11:37.657941-3291,3293,3169,2745,122,127

11/27/2020-21:12:45.005256-3196,3197,3085,2745,122,127

11/27/2020-21:13:52.367574-3116,3118,2989,2745,128,134

11/27/2020-21:14:59.716215-3033,3034,2916,2745,125,131

11/27/2020-21:16:07.095318-2950,2951,2837,2744,106,131

11/27/2020-21:17:14.444003-2903,2901,2792,2744,128,136

11/27/2020-21:18:21.806270-2866,2866,2763,2744,129,132

11/27/2020-21:19:29.153031-2826,2825,2728,2744,100,132

11/27/2020-21:20:36.533769-2780,2778,2691,2743,124,129

11/27/2020-21:21:43.897146-2750,2750,2667,2743,123,130

11/27/2020-21:22:51.245339-2724,2724,2647,2743,126,136

11/27/2020-21:23:58.624710-2698,2697,2626,2743,125,136

11/27/2020-21:25:05.972286-2675,2676,2608,2743,128,132

11/27/2020-21:26:13.368372-2654,2653,2586,2743,129,135

11/27/2020-21:27:20.779865-2623,2623,2560,2743,112,130

11/27/2020-21:28:28.143753-2666,2663,2706,2743,120,130

11/27/2020-21:29:35.538692-3019,3018,3177,2743,111,134

11/27/2020-21:30:42.902540-3395,3395,3626,2742,109,126

11/27/2020-21:31:50.266631-3702,3704,3952,2742,126,129

11/27/2020-21:32:57.614319-3930,3936,4190,2743,119,127

11/27/2020-21:34:04.992648-4105,4110,4358,2744,107,118

11/27/2020-21:35:12.340723-4241,4246,4477,2744,104,124

11/27/2020-21:36:19.703494-4336,4342,4573,2742,121,124

11/27/2020-21:37:27.051366-4422,4427,4642,2743,123,116

11/27/2020-21:38:34.414847-4484,4488,4690,2743,122,119

11/27/2020-21:39:41.779425-4533,4536,4733,2743,121,121

11/27/2020-21:40:49.125495-4578,4583,4770,2743,120,116

11/27/2020-21:41:56.505742-4612,4616,4801,2743,109,119

11/27/2020-21:43:03.853079-4643,4648,4825,2743,116,108

11/27/2020-21:44:11.232744-4670,4674,4848,2744,122,106

11/27/2020-21:45:18.594767-4690,4696,4861,2743,118,118

11/27/2020-21:46:25.991675-4546,4552,4656,2743,119,117

11/27/2020-21:47:33.338922-4339,4340,4335,2744,119,115

11/27/2020-21:48:40.717763-4062,4062,3966,2743,121,121

11/27/2020-21:49:48.065924-3823,3825,3703,2742,123,129

11/27/2020-21:50:55.428754-3666,3667,3518,2742,099,131

11/27/2020-21:52:02.776547-3531,3531,3382,2742,123,127

11/27/2020-21:53:10.139616-3410,3412,3257,2742,122,130

11/27/2020-21:54:17.502816-3311,3311,3170,2743,124,134

11/27/2020-21:55:24.850366-3231,3233,3093,2742,107,134

11/27/2020-21:56:32.213485-3165,3167,3032,2742,119,134

11/27/2020-21:57:39.592937-3098,3099,2973,2741,119,130

11/27/2020-21:58:46.940884-3053,3055,2935,2742,116,132

11/27/2020-21:59:54.304728-2961,2960,2831,2741,122,132

11/27/2020-22:01:01.684129-2881,2880,2758,2740,122,131

11/27/2020-22:02:09.046980-2817,2816,2696,2740,121,135

11/27/2020-22:03:16.441093-2766,2764,2656,2740,121,135

11/27/2020-22:04:23.806410-2723,2722,2609,2740,115,134

11/27/2020-22:05:31.154571-2676,2676,2575,2741,123,133

11/27/2020-22:06:38.517454-2709,2704,2702,2740,119,136

11/27/2020-22:07:45.898313-3083,3081,3216,2740,104,130

11/27/2020-22:08:53.277140-3473,3476,3678,2740,078,127

11/27/2020-22:10:00.640936-3789,3792,4024,2741,097,129

11/27/2020-22:11:08.036252-4029,4034,4269,2741,100,127

11/27/2020-22:12:15.383718-4209,4207,4438,2741,119,118

11/27/2020-22:13:22.731663-4335,4340,4565,2741,094,115

11/27/2020-22:14:30.095222-4439,4445,4656,2742,115,114

11/27/2020-22:15:37.412255-4509,4515,4720,2742,118,116

11/27/2020-22:16:44.759429-4567,4570,4768,2742,116,119

11/27/2020-22:17:52.122487-4611,4614,4805,2742,098,110

11/27/2020-22:18:59.501772-4642,4648,4828,2741,098,112

11/27/2020-22:20:06.834236-4673,4677,4852,2741,116,109

11/27/2020-22:21:14.195893-4694,4699,4871,2742,115,115

11/27/2020-22:22:21.560997-4719,4723,4892,2741,113,114

11/27/2020-22:23:28.924792-4741,4745,4911,2741,107,107

11/27/2020-22:24:36.272467-4754,4760,4924,2741,111,105

11/27/2020-22:25:43.636222-4773,4776,4940,2741,098,116

11/27/2020-22:26:51.032366-4786,4792,4950,2741,118,116

11/27/2020-22:27:58.380148-4800,4806,4961,2742,108,109

11/27/2020-22:29:05.776187-4723,4728,4845,2741,101,108

11/27/2020-22:30:13.156351-4535,4535,4543,2742,105,114

11/27/2020-22:31:20.536163-4243,4239,4168,2741,120,118

