11/28/2020-12:26:26.637642-2286,2286,2285,2825,109,120
11/28/2020-12:27:33.963483-2288,2287,2290,2825,109,115
11/28/2020-12:28:41.233753-2288,2287,2287,2824,111,116
11/28/2020-12:29:48.521774-2288,2287,2291,2824,118,113
11/28/2020-12:30:55.825996-2289,2288,2295,2824,117,111
11/28/2020-12:32:03.117062-2290,2290,2297,2824,117,115
11/28/2020-12:33:10.385335-2294,2293,2302,2824,113,115
11/28/2020-12:34:17.663292-2299,2297,2301,2824,107,118
11/28/2020-12:35:24.954018-2294,2293,2295,2824,102,123
11/28/2020-12:36:32.278819-2285,2284,2286,2824,106,122
11/28/2020-12:37:39.576696-2288,2287,2291,2824,119,129
11/28/2020-12:38:46.857331-2290,2290,2295,2824,117,129
11/28/2020-12:39:54.182689-2288,2287,2288,2824,098,114
11/28/2020-12:41:01.466259-2281,2282,2288,2824,118,127
11/28/2020-12:42:08.762439-2285,2284,2293,2824,113,128
11/28/2020-12:43:16.083556-2288,2287,2290,2824,118,126
11/28/2020-12:44:23.386233-2285,2284,2290,2824,107,125
11/28/2020-12:45:30.683499-2288,2288,2293,2824,106,128
11/28/2020-13:30:35.709393-2151,2152,2148,2821,104,119
11/28/2020-13:31:43.003701-2154,2153,2150,2821,102,126
11/28/2020-13:32:50.323587-2157,2156,2154,2821,108,121
11/28/2020-13:33:57.585825-2159,2158,2156,2820,117,110
11/28/2020-13:35:04.863161-2164,2163,2168,2820,115,111
11/28/2020-13:36:12.153148-2170,2169,2177,2820,100,123
11/28/2020-13:37:19.476205-2175,2175,2177,2820,087,127
11/28/2020-13:38:26.817712-2169,2168,2166,2820,106,130
11/28/2020-13:39:34.120025-2160,2159,2154,2820,099,114
11/28/2020-13:40:41.413599-2150,2149,2142,2820,107,121
11/28/2020-13:41:48.699912-2137,2136,2132,2820,116,126
11/28/2020-13:42:55.999264-2143,2143,2139,2820,108,128
11/28/2020-13:44:03.263197-2138,2136,2132,2820,103,115
11/28/2020-13:45:10.580143-2136,2135,2130,2820,085,123
11/28/2020-13:46:17.907256-2141,2140,2139,2820,096,126
11/28/2020-13:47:25.189108-2142,2140,2138,2820,061,124
11/28/2020-13:48:32.504510-2145,2144,2144,2820,118,107
11/28/2020-13:49:39.803009-2150,2149,2147,2820,102,110
11/28/2020-13:50:47.116118-2148,2148,2146,2820,108,128
11/28/2020-13:51:54.441314-2146,2145,2140,2820,113,125
11/28/2020-13:53:01.726461-2153,2153,2156,2819,113,111
11/28/2020-13:54:09.052605-2155,2154,2155,2819,112,127
11/28/2020-13:55:16.346401-2156,2154,2153,2819,100,123
11/28/2020-13:56:23.658643-2160,2159,2161,2819,102,122
11/28/2020-13:57:30.932702-2165,2163,2169,2819,115,125
11/28/2020-13:58:38.247309-2160,2159,2159,2819,094,122
11/28/2020-14:43:36.683359-2089,2089,2083,2815,117,130
11/28/2020-14:44:43.978405-2088,2087,2080,2815,117,127
11/28/2020-14:45:51.250613-2089,2089,2081,2815,124,110
11/28/2020-14:46:58.550988-2088,2087,2082,2815,120,126
11/28/2020-14:48:05.848120-2088,2087,2081,2815,123,128
11/28/2020-14:49:13.136121-2087,2085,2080,2815,120,096
11/28/2020-14:50:20.455097-2087,2086,2080,2815,122,109
11/28/2020-14:51:27.693923-2087,2086,2080,2815,122,117
11/28/2020-14:52:35.009328-2087,2086,2081,2815,119,104
11/28/2020-14:53:42.348306-2084,2084,2079,2815,119,098
11/28/2020-14:54:49.667211-2084,2084,2077,2815,119,116
11/28/2020-14:55:56.930716-2082,2080,2074,2815,114,106
11/28/2020-14:57:04.210143-2077,2076,2070,2815,112,111
11/28/2020-14:58:11.494332-2074,2074,2067,2815,119,124
11/28/2020-14:59:18.799352-2077,2076,2070,2814,112,122
11/28/2020-15:00:26.101332-2075,2074,2069,2815,115,125
11/28/2020-15:01:33.372977-2073,2070,2065,2814,116,109
11/28/2020-15:02:40.665886-2075,2074,2067,2814,119,116
11/28/2020-15:44:09.647712-4435,4435,4302,2812,107,107
11/28/2020-15:45:17.022091-4292,4290,4142,2811,114,104
11/28/2020-15:46:24.352166-4148,4145,3983,2811,105,110
11/28/2020-15:47:31.660042-3968,3964,3791,2812,114,098
11/28/2020-15:48:38.945729-3809,3806,3627,2812,108,105
11/28/2020-15:49:46.245823-3684,3683,3490,2812,110,096
11/28/2020-15:50:53.536774-3557,3558,3371,2813,112,084
11/28/2020-15:52:00.883206-3421,3422,3236,2813,104,113
11/28/2020-15:53:08.171619-3310,3310,3134,2813,106,102
11/28/2020-15:54:15.479167-3209,3210,3039,2813,106,120
11/28/2020-15:55:22.778309-3121,3122,2961,2813,113,123
11/28/2020-15:56:30.060098-3038,3038,2886,2813,095,119
11/28/2020-15:57:37.426521-2949,2947,2801,2814,114,125
11/28/2020-15:58:44.720198-2877,2876,2740,2814,115,114
11/28/2020-15:59:52.064358-2811,2812,2684,2814,105,122
11/28/2020-16:00:59.364110-2761,2760,2640,2814,111,122
11/28/2020-16:02:06.693197-2715,2716,2603,2814,104,123
11/28/2020-16:03:14.009838-2672,2672,2564,2814,114,126
11/28/2020-16:13:09.866928-2415,2416,2354,2815,117,124
11/28/2020-16:14:17.178614-2400,2404,2339,2815,102,122
11/28/2020-16:15:24.482869-2391,2393,2331,2815,118,129
11/28/2020-16:16:31.774114-2372,2375,2323,2815,109,125
11/28/2020-16:17:39.048150-2360,2357,2305,2815,115,114
11/28/2020-16:18:46.349088-2345,2344,2296,2815,102,116
11/28/2020-16:19:53.622461-2326,2326,2282,2815,112,122
11/28/2020-16:21:00.917304-2312,2313,2271,2815,114,126
11/28/2020-16:22:08.231861-2308,2307,2268,2815,096,128
11/28/2020-16:23:15.544133-2304,2304,2263,2815,118,131
11/28/2020-16:24:22.795012-2294,2294,2254,2815,104,109
11/28/2020-16:25:30.080473-2289,2291,2254,2815,093,129
11/28/2020-16:26:37.428667-2280,2282,2246,2815,115,129
11/28/2020-16:27:44.738680-2274,2273,2244,2815,118,129
11/28/2020-16:28:52.011349-2270,2269,2234,2815,114,116
11/28/2020-16:29:59.342356-2263,2263,2231,2814,107,123
11/28/2020-16:31:06.640713-2259,2259,2227,2814,116,125
11/28/2020-16:32:13.933123-2256,2255,2226,2814,105,114
11/28/2020-16:33:21.233296-2247,2246,2224,2814,112,130
11/28/2020-16:34:28.517056-2237,2236,2216,2814,111,130
11/28/2020-16:35:35.800814-2233,2232,2212,2814,086,126
11/28/2020-16:36:43.092091-2224,2224,2204,2814,103,114
11/28/2020-16:37:50.398369-2220,2220,2201,2814,109,129
11/28/2020-16:38:57.708329-2213,2212,2195,2814,100,116
11/28/2020-16:40:05.031004-2209,2208,2191,2814,111,128
11/28/2020-16:41:12.343825-2204,2203,2187,2814,115,124
11/28/2020-16:42:19.634299-2199,2198,2182,2814,116,128
11/28/2020-16:43:27.347884-2195,2194,2177,2813,114,116
11/28/2020-16:44:34.627318-2191,2189,2172,2813,091,131
11/28/2020-16:45:41.922531-2185,2186,2169,2814,103,129
11/28/2020-16:46:49.229915-2181,2182,2165,2813,107,131
11/28/2020-16:47:56.532127-2179,2178,2162,2813,107,129
11/28/2020-16:49:03.847236-2175,2174,2159,2813,111,123
11/28/2020-16:50:11.160362-2172,2171,2157,2813,107,127
11/28/2020-16:51:18.445248-2167,2167,2153,2813,108,120
11/28/2020-16:52:25.743693-2164,2163,2150,2813,101,126
11/28/2020-16:53:33.049481-2161,2160,2147,2813,112,126
11/28/2020-16:54:40.362464-2160,2159,2147,2813,120,127
11/28/2020-16:55:47.672168-2157,2157,2144,2813,108,131
11/28/2020-16:56:54.993255-2156,2155,2143,2813,111,124
11/28/2020-16:58:02.304198-2155,2153,2142,2813,113,130
11/28/2020-16:59:09.611078-2152,2152,2139,2813,104,126
11/28/2020-17:00:16.916602-2147,2148,2136,2813,112,117
11/28/2020-17:01:24.221976-2145,2143,2132,2812,105,131
11/28/2020-17:02:31.509458-2141,2140,2128,2812,119,121
11/28/2020-17:03:38.829894-2136,2135,2124,2812,103,129
11/28/2020-17:04:46.139933-2133,2133,2122,2812,088,124
11/28/2020-17:05:53.438157-2132,2131,2120,2812,098,124
11/28/2020-17:07:00.749996-2129,2128,2117,2812,113,130
11/28/2020-17:08:08.075521-2126,2124,2113,2812,110,129
11/28/2020-17:31:08.333658-2053,2052,2041,2810,116,127
11/28/2020-17:32:15.649938-2050,2049,2039,2810,117,129
11/28/2020-17:33:23.000575-3160,3178,3320,2810,113,118
11/28/2020-17:34:30.300337-3971,3983,4134,2808,114,113
11/28/2020-17:35:37.586019-4446,4454,4579,2809,104,107
11/28/2020-17:36:44.869101-4731,4736,4839,2809,107,104
11/28/2020-17:37:52.141044-4916,4919,5002,2808,108,102
11/28/2020-17:38:59.435639-5037,5040,5105,2808,104,100
11/28/2020-17:40:06.734077-5123,5125,5175,2808,110,110
11/28/2020-17:50:56.004032-4565,4563,4420,2808,111,098
11/28/2020-17:52:03.277285-4436,4435,4269,2808,112,111
11/28/2020-17:53:10.589815-4287,4287,4099,2808,104,107
11/28/2020-17:54:17.890867-4125,4121,3924,2807,107,100
11/28/2020-17:55:25.230972-3954,3950,3749,2809,105,117
11/28/2020-17:56:32.514531-3801,3800,3598,2808,113,118
11/28/2020-17:57:39.870542-3659,3659,3451,2809,113,098
11/28/2020-17:58:47.207417-3520,3518,3321,2809,113,090
11/28/2020-17:59:54.483709-3412,3413,3216,2809,100,102
11/28/2020-18:01:01.790782-3301,3299,3109,2809,094,088
11/28/2020-18:02:09.069552-3204,3205,3020,2809,110,124
11/28/2020-18:03:16.370780-3115,3115,2945,2809,108,115
11/28/2020-18:04:23.643114-3033,3033,2872,2810,111,126
11/28/2020-18:05:30.907224-2966,2965,2814,2809,116,117
11/28/2020-18:06:38.203060-2903,2902,2762,2809,101,099
11/28/2020-18:07:45.469357-2847,2849,2713,2810,116,114
11/28/2020-18:08:52.773291-2798,2798,2666,2810,115,125
11/28/2020-18:10:00.075025-2746,2747,2621,2810,117,122
11/28/2020-18:11:07.386328-2705,2704,2589,2810,115,116
11/28/2020-18:12:14.671015-2663,2665,2559,2810,119,099
11/28/2020-18:13:22.016069-2634,2634,2535,2810,124,112
11/28/2020-18:14:29.358290-2608,2609,2508,2810,122,117
11/28/2020-18:15:36.749436-2595,2594,2500,2810,120,120
11/28/2020-18:16:44.108023-2577,2579,2487,2810,125,119
11/28/2020-18:17:51.497551-2565,2565,2486,2810,125,106
11/28/2020-18:18:58.840546-2555,2554,2476,2810,126,108
11/28/2020-18:20:06.200511-2545,2544,2464,2810,126,102
11/28/2020-18:21:13.543841-2536,2536,2458,2810,127,114
11/28/2020-18:22:20.902210-2520,2522,2448,2810,127,119
11/28/2020-18:23:28.213090-2510,2507,2439,2810,125,116
11/28/2020-18:24:35.570984-2489,2491,2432,2810,125,111
11/28/2020-18:25:42.946874-2480,2480,2421,2810,125,116
11/28/2020-18:26:50.290214-2466,2466,2414,2810,124,094
11/28/2020-18:27:57.612888-2460,2459,2408,2810,123,102
11/28/2020-18:29:04.991199-2448,2451,2403,2810,127,116
11/28/2020-18:30:12.304295-2438,2437,2394,2810,125,101
11/28/2020-18:31:19.655012-2430,2428,2386,2811,125,102
11/28/2020-18:32:27.032143-2425,2423,2380,2811,124,116
11/28/2020-18:33:34.363004-2420,2417,2375,2811,124,120
11/28/2020-18:34:41.709977-2410,2410,2367,2810,127,121
11/28/2020-18:35:49.049564-2401,2402,2361,2811,127,121
11/28/2020-18:36:56.396859-2393,2393,2356,2810,126,117
11/28/2020-18:38:03.740598-2388,2386,2348,2809,125,121
11/28/2020-18:39:11.116294-2383,2384,2347,2809,127,116
11/28/2020-18:40:18.443572-2379,2379,2344,2809,127,119
11/28/2020-18:41:25.818827-2369,2371,2339,2810,127,118
11/28/2020-18:42:33.160137-2367,2365,2333,2810,127,116
11/28/2020-18:43:40.538518-2363,2360,2331,2810,127,120
11/28/2020-18:44:47.882539-2354,2353,2325,2809,127,099
11/28/2020-18:45:55.224752-2342,2338,2312,2809,127,119
11/28/2020-18:47:02.525570-3425,3440,3574,2809,124,108
11/28/2020-18:48:09.912089-4152,4160,4298,2808,122,113
11/28/2020-18:49:17.239872-4566,4571,4691,2808,120,111
11/28/2020-18:50:24.583147-4823,4826,4923,2807,119,108
11/28/2020-18:51:31.918230-4987,4991,5066,2808,120,108
11/28/2020-18:52:39.238291-5096,5098,5156,2807,118,108
11/28/2020-18:53:46.597317-5173,5173,5220,2808,116,108
11/28/2020-18:54:53.956331-5226,5227,5262,2808,119,109
11/28/2020-18:56:01.316581-5263,5263,5294,2808,120,107
11/28/2020-18:57:08.707973-5299,5298,5322,2808,117,106
11/28/2020-18:58:16.051852-5319,5317,5338,2808,115,107
11/28/2020-18:59:23.425904-5338,5339,5357,2808,114,106
11/28/2020-19:00:30.802130-5014,5004,4965,2807,114,103
11/28/2020-19:01:38.145624-4762,4761,4657,2807,115,103
11/28/2020-19:02:45.520863-4664,4664,4489,2807,115,102
11/28/2020-19:03:52.832378-4604,4606,4320,2807,113,103
11/28/2020-19:05:00.191497-4480,4484,4196,2807,111,106
11/28/2020-19:06:07.566367-4393,4394,4160,2807,117,103
11/28/2020-19:07:14.925515-4273,4273,4037,2807,117,107
11/28/2020-19:08:22.285139-4145,4148,3956,2808,117,103
11/28/2020-19:09:29.675271-4023,4028,3846,2808,116,107
11/28/2020-19:10:37.019103-3910,3911,3744,2808,118,110
11/28/2020-19:11:44.364110-3795,3795,3637,2808,118,108
11/28/2020-19:12:51.717954-3689,3689,3541,2808,119,105
11/28/2020-19:13:59.053189-3591,3591,3451,2809,119,110
11/28/2020-19:15:06.420807-3491,3492,3360,2809,120,105
11/28/2020-19:16:13.799215-3408,3409,3285,2809,120,108
11/28/2020-19:17:21.176094-3341,3342,3204,2809,122,105
11/28/2020-19:18:28.513573-3285,3284,3148,2809,120,106
11/28/2020-19:19:35.846986-3228,3230,3099,2809,122,114
11/28/2020-19:20:43.186994-3177,3178,3058,2809,122,114
