11/28/2020-12:26:24.200371-2255,2253,2282,2680,147,137
11/28/2020-12:27:31.542669-2250,2252,2280,2680,137,132
11/28/2020-12:28:38.843911-2251,2249,2277,2680,135,120
11/28/2020-12:29:46.124311-2247,2247,2278,2680,135,129
11/28/2020-12:30:53.436303-2243,2244,2275,2680,137,123
11/28/2020-12:32:00.727694-2241,2241,2275,2680,137,126
11/28/2020-12:33:08.010752-2241,2242,2275,2680,136,116
11/28/2020-12:34:15.272833-2247,2247,2273,2680,135,125
11/28/2020-12:35:22.547648-2251,2251,2277,2680,137,127
11/28/2020-12:36:29.860784-2253,2252,2282,2680,138,125
11/28/2020-12:37:37.170797-2246,2247,2277,2680,136,130
11/28/2020-12:38:44.468130-2242,2243,2275,2680,138,120
11/28/2020-12:39:51.775535-2248,2248,2277,2680,137,129
11/28/2020-12:40:59.070815-2240,2239,2271,2680,135,128
11/28/2020-12:42:06.372974-2241,2239,2275,2680,137,130
11/28/2020-12:43:13.672558-2248,2248,2275,2680,137,127
11/28/2020-12:44:20.984803-2245,2247,2277,2680,137,125
11/28/2020-12:45:28.309078-2247,2248,2277,2680,138,119
11/28/2020-13:30:33.303887-2004,2004,2034,2676,138,122
11/28/2020-13:31:40.597993-2007,2005,2033,2676,137,121
11/28/2020-13:32:47.933815-2028,2028,2062,2677,138,122
11/28/2020-13:33:55.218006-2047,2046,2079,2677,136,129
11/28/2020-13:35:02.472026-2060,2059,2099,2675,138,117
11/28/2020-13:36:09.748241-2080,2080,2127,2675,137,128
11/28/2020-13:37:17.070968-2102,2102,2148,2675,137,126
11/28/2020-13:38:24.407283-2086,2084,2118,2676,136,123
11/28/2020-13:39:31.714669-2078,2079,2107,2675,136,121
11/28/2020-13:40:39.022339-2028,2025,2044,2675,130,123
11/28/2020-13:41:46.309023-1724,1723,1720,2675,137,127
11/28/2020-13:42:53.593686-1825,1826,1818,2675,139,130
11/28/2020-13:44:00.874405-1799,1799,1794,2675,137,121
11/28/2020-13:45:08.175832-1822,1822,1833,2675,138,117
11/28/2020-13:46:15.484751-1868,1867,1886,2674,135,115
11/28/2020-13:47:22.798640-1897,1898,1919,2674,136,125
11/28/2020-13:48:30.129307-1913,1912,1939,2674,137,126
11/28/2020-13:49:37.370920-1948,1948,1982,2674,137,117
11/28/2020-13:50:44.697676-1964,1961,1994,2674,137,121
11/28/2020-13:51:52.019152-1973,1973,2005,2674,135,116
11/28/2020-13:52:59.323646-1999,1999,2047,2674,135,124
11/28/2020-13:54:06.651146-2026,2025,2069,2674,136,130
11/28/2020-13:55:13.954602-2048,2049,2092,2674,135,121
11/28/2020-13:56:21.252741-2068,2068,2116,2674,136,124
11/28/2020-13:57:28.557953-2081,2080,2133,2674,136,120
11/28/2020-13:58:35.825007-2098,2098,2146,2673,136,129
11/28/2020-14:43:34.271915-1318,1317,1335,2668,136,127
11/28/2020-14:44:41.577104-1341,1341,1366,2668,135,129
11/28/2020-14:45:48.877283-1384,1382,1410,2667,137,122
11/28/2020-14:46:56.130650-1465,1463,1505,2667,135,121
11/28/2020-14:48:03.444050-1486,1485,1522,2667,137,122
11/28/2020-14:49:10.735650-1428,1428,1454,2667,137,126
11/28/2020-14:50:18.041613-1472,1470,1504,2667,136,119
11/28/2020-14:51:25.312386-1471,1470,1501,2666,136,119
11/28/2020-14:52:32.607868-1517,1515,1561,2666,137,126
11/28/2020-14:53:39.949600-1468,1468,1499,2666,136,123
11/28/2020-14:54:47.247639-1457,1458,1495,2666,135,124
11/28/2020-14:55:54.542861-1439,1439,1456,2666,136,119
11/28/2020-14:57:01.809351-1375,1373,1401,2666,137,130
11/28/2020-14:58:09.091630-1344,1342,1371,2664,136,129
11/28/2020-14:59:16.398461-1409,1408,1437,2664,136,118
11/28/2020-15:00:23.698255-1400,1400,1427,2664,136,120
11/28/2020-15:01:30.987329-1362,1361,1381,2664,136,123
11/28/2020-15:02:38.277196-1375,1373,1396,2664,135,128
11/28/2020-15:44:07.273335-2915,2917,2739,2657,136,131
11/28/2020-15:45:14.600917-2505,2506,2262,2657,135,131
11/28/2020-15:46:21.948907-2261,2261,2060,2657,137,130
11/28/2020-15:47:29.270728-1949,1948,1747,2657,136,130
11/28/2020-15:48:36.556652-1790,1789,1613,2657,135,122
11/28/2020-15:49:43.840863-1724,1724,1565,2656,135,122
11/28/2020-15:50:51.147846-1665,1664,1537,2656,136,128
11/28/2020-15:51:58.462468-1521,1522,1443,2656,134,119
11/28/2020-15:53:05.783799-1525,1525,1444,2656,137,130
11/28/2020-15:54:13.090178-1398,1397,1337,2656,136,131
11/28/2020-15:55:20.388712-1410,1411,1357,2656,136,128
11/28/2020-15:56:27.671167-1362,1362,1331,2655,137,117
11/28/2020-15:57:34.989934-1239,1238,1223,2655,137,124
11/28/2020-15:58:42.316083-1235,1235,1227,2655,136,120
11/28/2020-15:59:49.641639-1196,1196,1190,2655,136,130
11/28/2020-16:00:56.976117-1217,1218,1224,2655,137,116
11/28/2020-16:02:04.306402-1275,1273,1291,2654,136,117
11/28/2020-16:03:11.604439-1250,1249,1262,2654,135,124
11/28/2020-16:13:07.460796-1182,1181,1199,2652,134,120
11/28/2020-16:14:14.770811-1197,1198,1219,2651,133,126
11/28/2020-16:15:22.094914-1256,1256,1296,2651,139,131
11/28/2020-16:16:29.369552-1207,1206,1231,2651,137,126
11/28/2020-16:17:36.658817-1188,1187,1207,2651,136,127
11/28/2020-16:18:43.942563-1172,1171,1188,2651,136,121
11/28/2020-16:19:51.232270-1117,1117,1127,2651,136,116
11/28/2020-16:20:58.528140-1128,1127,1140,2651,137,127
11/28/2020-16:22:05.826503-1136,1137,1162,2651,139,136
11/28/2020-16:23:13.137996-1339,1338,1405,2650,138,129
11/28/2020-16:24:20.404699-1426,1425,1499,2650,135,128
11/28/2020-16:25:27.692000-1449,1448,1515,2650,136,127
11/28/2020-16:26:35.006917-1482,1482,1546,2650,138,126
11/28/2020-16:27:42.318457-1502,1502,1558,2650,136,120
11/28/2020-16:28:49.637706-1520,1522,1574,2650,136,124
11/28/2020-16:29:56.951209-1522,1522,1571,2650,138,126
11/28/2020-16:31:04.249827-1568,1568,1618,2650,135,132
11/28/2020-16:32:11.525808-1577,1577,1622,2649,137,120
11/28/2020-16:33:18.826691-1596,1597,1643,2650,135,129
11/28/2020-16:34:26.126637-1591,1591,1632,2650,137,120
11/28/2020-16:35:33.411656-1612,1612,1650,2650,137,124
11/28/2020-16:36:40.686535-1590,1591,1627,2650,137,129
11/28/2020-16:37:47.991547-1582,1581,1616,2649,136,126
11/28/2020-16:38:55.319083-1569,1570,1600,2650,136,129
11/28/2020-16:40:02.640893-1549,1550,1585,2649,135,130
11/28/2020-16:41:09.940084-1557,1559,1597,2649,135,132
11/28/2020-16:42:17.242381-1566,1565,1602,2649,135,119
11/28/2020-16:43:24.537852-1584,1585,1628,2649,137,122
11/28/2020-16:44:32.252267-1563,1564,1606,2649,136,130
11/28/2020-16:45:39.533271-1545,1544,1571,2649,137,132
11/28/2020-16:46:46.840171-1533,1534,1563,2650,137,118
11/28/2020-16:47:54.125289-1547,1549,1589,2649,137,130
11/28/2020-16:49:01.427900-1538,1538,1563,2649,137,121
11/28/2020-16:50:08.754816-1555,1555,1589,2649,138,123
11/28/2020-16:51:16.057525-1557,1558,1601,2649,138,132
11/28/2020-16:52:23.337613-1511,1511,1541,2649,139,130
11/28/2020-16:53:30.662152-1512,1513,1545,2649,139,123
11/28/2020-16:54:37.974033-1496,1497,1523,2649,138,132
11/28/2020-16:55:45.282335-1490,1491,1522,2649,138,121
11/28/2020-16:56:52.571335-1488,1488,1512,2649,138,121
11/28/2020-16:57:59.882869-1525,1525,1571,2649,138,129
11/28/2020-16:59:07.188231-1483,1483,1517,2649,138,119
11/28/2020-17:00:14.527659-1406,1406,1427,2649,139,122
11/28/2020-17:01:21.818134-1391,1391,1420,2648,137,129
11/28/2020-17:02:29.120487-1362,1361,1389,2648,137,133
11/28/2020-17:03:36.425018-1292,1291,1315,2648,137,120
11/28/2020-17:04:43.736309-1328,1330,1374,2648,137,128
11/28/2020-17:05:51.047842-1325,1325,1375,2648,138,125
11/28/2020-17:06:58.359175-1291,1291,1332,2648,137,128
11/28/2020-17:08:05.676460-1273,1273,1315,2648,136,120
11/28/2020-17:09:12.962171-1299,1300,1357,2648,138,131
11/28/2020-17:31:05.919090-1128,1127,1182,2644,138,132
11/28/2020-17:32:13.246687-1113,1112,1155,2644,137,121
11/28/2020-17:33:20.580372-1380,1372,1538,2643,138,127
11/28/2020-17:34:27.911280-1831,1819,2092,2642,138,132
11/28/2020-17:35:35.192620-2326,2319,2639,2642,138,127
11/28/2020-17:36:42.463185-2799,2782,3078,2642,136,127
11/28/2020-17:37:49.766224-3169,3163,3440,2642,136,123
11/28/2020-17:38:57.047327-3444,3437,3689,2642,136,133
11/28/2020-17:40:04.344159-3697,3693,3896,2642,138,130
11/28/2020-17:41:11.648685-3886,3880,4044,2642,137,134
11/28/2020-17:50:53.572793-3179,3178,2935,2644,137,123
11/28/2020-17:52:00.887974-2867,2871,2665,2644,138,120
11/28/2020-17:53:08.169745-2609,2610,2373,2645,137,124
11/28/2020-17:54:15.501312-2296,2294,2038,2645,136,129
11/28/2020-17:55:22.823689-1938,1938,1715,2645,138,131
11/28/2020-17:56:30.125761-1766,1764,1591,2645,138,122
11/28/2020-17:57:37.455536-1716,1713,1616,2645,137,130
11/28/2020-17:58:44.817526-1608,1607,1513,2645,137,131
11/28/2020-17:59:52.094617-1541,1541,1476,2645,138,130
11/28/2020-18:00:59.402157-1477,1474,1426,2645,137,130
11/28/2020-18:02:06.674851-1454,1452,1418,2645,137,119
11/28/2020-18:03:13.964935-1420,1420,1407,2645,137,125
11/28/2020-18:04:21.253844-1388,1386,1374,2645,136,127
11/28/2020-18:05:28.516407-1434,1434,1448,2645,136,131
11/28/2020-18:06:35.811605-1438,1437,1461,2645,138,118
11/28/2020-18:07:43.093780-1400,1400,1419,2645,137,131
11/28/2020-18:08:50.366441-1421,1420,1453,2645,137,132
11/28/2020-18:09:57.699571-1394,1395,1416,2645,136,131
11/28/2020-18:11:04.981110-1357,1356,1386,2645,137,129
11/28/2020-18:12:12.272795-1352,1353,1392,2644,142,129
11/28/2020-18:13:19.617631-1370,1370,1403,2644,145,134
11/28/2020-18:14:26.959683-1444,1443,1482,2644,145,142
11/28/2020-18:15:34.333539-1412,1412,1442,2644,146,130
11/28/2020-18:16:41.707983-1454,1453,1484,2644,142,136
11/28/2020-18:17:49.067610-1495,1494,1532,2644,143,143
11/28/2020-18:18:56.427197-1520,1521,1558,2644,144,131
11/28/2020-18:20:03.801535-1553,1554,1593,2644,146,138
11/28/2020-18:21:11.144995-1589,1589,1627,2644,144,143
11/28/2020-18:22:18.487354-1602,1602,1638,2643,146,135
11/28/2020-18:23:25.814176-1625,1626,1661,2644,146,138
11/28/2020-18:24:33.141210-1635,1636,1671,2644,146,132
11/28/2020-18:25:40.516159-1645,1645,1679,2643,144,133
11/28/2020-18:26:47.891538-1648,1648,1677,2644,144,144
11/28/2020-18:27:55.202693-1658,1659,1689,2643,144,131
11/28/2020-18:29:02.561534-1674,1674,1703,2643,144,139
11/28/2020-18:30:09.890227-1662,1663,1684,2643,146,136
11/28/2020-18:31:17.232472-1644,1645,1660,2644,143,129
11/28/2020-18:32:24.606911-1625,1625,1635,2644,143,142
11/28/2020-18:33:31.949887-1610,1609,1619,2644,142,138
11/28/2020-18:34:39.293247-1612,1613,1627,2644,143,139
11/28/2020-18:35:46.638471-1610,1611,1623,2644,145,133
11/28/2020-18:36:53.993468-1620,1620,1635,2643,143,140
11/28/2020-18:38:01.325879-1624,1624,1642,2643,144,135
11/28/2020-18:39:08.716370-1624,1626,1642,2643,146,135
11/28/2020-18:40:16.028954-1637,1636,1655,2643,146,137
11/28/2020-18:41:23.386633-1633,1632,1648,2643,145,139
11/28/2020-18:42:30.747416-1617,1619,1629,2643,146,135
11/28/2020-18:43:38.122444-1603,1603,1613,2643,145,136
11/28/2020-18:44:45.466442-1593,1592,1600,2643,143,138
11/28/2020-18:45:52.825744-1596,1596,1607,2643,146,142
11/28/2020-18:47:00.136713-1883,1880,2038,2643,143,139
11/28/2020-18:48:07.479438-2336,2329,2565,2642,146,138
11/28/2020-18:49:14.838933-2796,2790,3049,2642,146,140
11/28/2020-18:50:22.184072-3203,3193,3444,2642,143,138
11/28/2020-18:51:29.527671-3535,3528,3743,2642,146,141
11/28/2020-18:52:36.839383-3782,3779,3960,2642,145,141
11/28/2020-18:53:44.195594-3971,3965,4113,2642,143,143
11/28/2020-18:54:51.526118-4113,4110,4229,2643,141,128
11/28/2020-18:55:58.885964-4223,4219,4314,2643,145,138
11/28/2020-18:57:06.277325-4307,4305,4379,2643,143,139
11/28/2020-18:58:13.636980-4374,4369,4429,2643,141,141
11/28/2020-18:59:21.012436-4426,4424,4473,2644,144,140
11/28/2020-19:00:28.403175-4427,4428,4443,2645,143,142
11/28/2020-19:01:35.748914-4326,4329,4317,2644,143,138
11/28/2020-19:02:43.121521-4206,4208,4185,2645,146,144
11/28/2020-19:03:50.433560-4075,4080,4040,2645,145,141
11/28/2020-19:04:57.776602-3957,3960,3909,2645,144,137
11/28/2020-19:06:05.166536-3832,3836,3779,2647,144,146
11/28/2020-19:07:12.526240-3718,3722,3647,2647,145,138
11/28/2020-19:08:19.886254-3608,3610,3520,2646,146,135
11/28/2020-19:09:27.245262-3505,3509,3389,2647,144,139
11/28/2020-19:10:34.619548-3400,3404,3282,2648,145,144
11/28/2020-19:11:41.948079-3292,3296,3172,2648,146,146
11/28/2020-19:12:49.323284-3184,3188,3077,2649,145,145
11/28/2020-19:13:56.635340-3060,3063,2970,2649,146,134
11/28/2020-19:15:04.010449-2904,2908,2820,2649,146,145
11/28/2020-19:16:11.368724-2804,2806,2709,2649,146,142
11/28/2020-19:17:18.744172-2693,2696,2594,2650,147,143
11/28/2020-19:18:26.104370-2631,2631,2542,2650,147,138
11/28/2020-19:19:33.444145-2563,2564,2488,2650,146,144
11/28/2020-19:20:40.775281-2528,2528,2461,2650,146,142
