11/28/2020-12:26:21.794261-2323,2327,2328,2818,126,113
11/28/2020-12:27:29.151914-2323,2329,2329,2818,129,119
11/28/2020-12:28:36.438841-2325,2328,2327,2818,130,117
11/28/2020-12:29:43.714833-2329,2329,2329,2818,129,116
11/28/2020-12:30:51.013586-2332,2332,2329,2818,128,116
11/28/2020-12:31:58.336614-2339,2338,2334,2818,128,115
11/28/2020-12:33:05.605004-2342,2340,2338,2817,125,116
11/28/2020-12:34:12.868514-2345,2346,2343,2818,124,110
11/28/2020-12:35:20.171179-2344,2345,2347,2818,123,112
11/28/2020-12:36:27.442628-2346,2346,2343,2817,128,117
11/28/2020-12:37:34.779985-2343,2340,2338,2818,125,114
11/28/2020-12:38:42.078221-2338,2336,2336,2818,124,114
11/28/2020-12:39:49.370685-2337,2338,2339,2817,122,113
11/28/2020-12:40:56.682554-2338,2336,2336,2817,120,112
11/28/2020-12:42:03.967238-2341,2341,2342,2817,112,116
11/28/2020-12:43:11.283193-2345,2342,2343,2817,122,117
11/28/2020-12:44:18.595585-2340,2338,2337,2817,126,118
11/28/2020-12:45:25.908650-2340,2335,2336,2818,126,115
11/28/2020-13:30:30.913728-2354,2345,2355,2816,121,113
11/28/2020-13:31:38.223331-2354,2356,2362,2814,129,114
11/28/2020-13:32:45.512302-2351,2358,2364,2816,127,115
11/28/2020-13:33:52.824677-2356,2354,2360,2816,125,114
11/28/2020-13:35:00.082726-2354,2360,2367,2816,128,117
11/28/2020-13:36:07.374685-2366,2363,2366,2816,122,117
11/28/2020-13:37:14.681204-2372,2372,2371,2814,130,122
11/28/2020-13:38:21.996865-2364,2365,2369,2815,128,119
11/28/2020-13:39:29.340343-2363,2363,2370,2814,123,120
11/28/2020-13:40:36.632737-2354,2351,2369,2815,122,114
11/28/2020-13:41:43.904297-2354,2349,2366,2815,123,120
11/28/2020-13:42:51.204376-2354,2355,2367,2815,110,105
11/28/2020-13:43:58.489318-2357,2355,2367,2815,124,112
11/28/2020-13:45:05.755357-2355,2357,2370,2815,117,115
11/28/2020-13:46:13.079629-2363,2360,2369,2815,108,110
11/28/2020-13:47:20.409006-2360,2360,2370,2816,129,121
11/28/2020-13:48:27.723502-2367,2365,2371,2815,129,117
11/28/2020-13:49:34.996840-2368,2370,2376,2815,128,121
11/28/2020-13:50:42.313054-2369,2369,2376,2815,127,119
11/28/2020-13:51:49.637729-2362,2361,2376,2815,127,116
11/28/2020-13:52:56.936002-2369,2368,2372,2814,129,116
11/28/2020-13:54:04.232658-2371,2370,2376,2814,124,111
11/28/2020-13:55:11.567113-2374,2376,2376,2815,126,113
11/28/2020-13:56:18.862354-2378,2378,2376,2814,118,107
11/28/2020-13:57:26.153609-2378,2383,2380,2815,124,113
11/28/2020-13:58:33.435166-2385,2383,2380,2814,126,118
11/28/2020-14:43:31.881652-2330,2331,2351,2812,123,110
11/28/2020-14:44:39.175067-2329,2332,2352,2812,107,104
11/28/2020-14:45:46.488888-2325,2326,2349,2812,117,103
11/28/2020-14:46:53.741949-2318,2323,2348,2811,112,103
11/28/2020-14:48:01.056175-2316,2315,2339,2812,116,104
11/28/2020-14:49:08.347676-2318,2312,2335,2812,119,107
11/28/2020-14:50:15.658011-2318,2315,2337,2811,111,108
11/28/2020-14:51:22.930808-2322,2324,2339,2811,125,110
11/28/2020-14:52:30.202339-2331,2332,2343,2812,118,111
11/28/2020-14:53:37.555600-2329,2324,2346,2811,118,107
11/28/2020-14:54:44.833970-2325,2321,2341,2812,121,108
11/28/2020-14:55:52.171277-2318,2317,2339,2812,124,107
11/28/2020-14:56:59.436873-2306,2305,2331,2813,124,112
11/28/2020-14:58:06.704055-2308,2308,2328,2812,121,112
11/28/2020-14:59:13.996406-2311,2304,2323,2811,123,110
11/28/2020-15:00:21.310982-2299,2297,2320,2812,121,109
11/28/2020-15:01:28.602183-2285,2291,2317,2811,115,106
11/28/2020-15:02:35.855693-2280,2277,2305,2811,121,109
11/28/2020-15:44:04.866700-2371,2364,2371,2809,132,122
11/28/2020-15:45:12.163338-2360,2361,2370,2809,134,122
11/28/2020-15:46:19.560426-2363,2360,2361,2808,134,122
11/28/2020-15:47:26.848550-2354,2346,2353,2809,137,123
11/28/2020-15:48:34.168101-2349,2347,2351,2808,134,122
11/28/2020-15:49:41.451280-2337,2341,2348,2810,135,121
11/28/2020-15:50:48.757967-2338,2337,2347,2808,135,124
11/28/2020-15:51:56.072404-2325,2330,2343,2808,134,122
11/28/2020-15:53:03.379695-2326,2324,2337,2809,136,124
11/28/2020-15:54:10.684792-2317,2318,2335,2808,133,122
11/28/2020-15:55:17.984159-2309,2317,2334,2808,134,125
11/28/2020-15:56:25.280377-2311,2313,2327,2808,132,120
11/28/2020-15:57:32.585019-2304,2300,2319,2809,132,122
11/28/2020-15:58:39.926890-2300,2299,2319,2809,127,116
11/28/2020-15:59:47.252208-2301,2303,2320,2808,127,121
11/28/2020-16:00:54.568977-2300,2298,2313,2809,133,118
11/28/2020-16:02:01.901470-2290,2289,2310,2808,129,117
11/28/2020-16:03:09.216226-2285,2284,2308,2808,127,119
11/28/2020-16:13:05.070079-2247,2248,2278,2808,126,111
11/28/2020-16:14:12.379724-2232,2239,2275,2808,127,111
11/28/2020-16:15:19.674262-2227,2227,2266,2808,123,115
11/28/2020-16:16:26.980848-2222,2223,2261,2808,128,121
11/28/2020-16:17:34.275243-2223,2223,2259,2808,131,117
11/28/2020-16:18:41.553337-2215,2219,2258,2808,129,118
11/28/2020-16:19:48.842660-2217,2213,2253,2808,127,120
11/28/2020-16:20:56.138413-2213,2218,2256,2809,130,123
11/28/2020-16:22:03.438565-2228,2220,2252,2808,129,120
11/28/2020-16:23:10.762128-2245,2246,2269,2808,124,116
11/28/2020-16:24:18.017580-2241,2243,2271,2807,137,125
11/28/2020-16:25:25.304794-2245,2243,2273,2808,132,124
11/28/2020-16:26:32.617385-2242,2242,2273,2808,119,108
11/28/2020-16:27:39.943028-2242,2240,2270,2808,117,110
11/28/2020-16:28:47.234371-2233,2229,2262,2808,125,115
11/28/2020-16:29:54.551225-2218,2219,2253,2808,124,112
11/28/2020-16:31:01.861623-2217,2211,2245,2807,117,114
11/28/2020-16:32:09.136750-2210,2205,2240,2807,125,116
11/28/2020-16:33:16.452821-2210,2211,2244,2806,126,111
11/28/2020-16:34:23.706949-2207,2206,2242,2806,129,120
11/28/2020-16:35:31.023266-2205,2206,2243,2807,124,113
11/28/2020-16:36:38.297072-2191,2188,2228,2807,123,117
11/28/2020-16:37:45.600882-2191,2195,2230,2807,127,113
11/28/2020-16:38:52.912364-2193,2195,2230,2807,127,113
11/28/2020-16:40:00.236324-2196,2200,2233,2806,124,114
11/28/2020-16:41:07.550298-2199,2198,2230,2807,124,115
11/28/2020-16:42:14.824179-2198,2199,2230,2807,126,119
11/28/2020-16:43:22.148500-2196,2197,2229,2807,126,118
11/28/2020-16:44:29.846636-2202,2199,2229,2807,126,118
11/28/2020-16:45:37.130097-2197,2199,2230,2806,126,117
11/28/2020-16:46:44.419694-2185,2192,2227,2807,124,118
11/28/2020-16:47:51.735502-2192,2191,2220,2806,124,118
11/28/2020-16:48:59.022092-2190,2189,2219,2806,129,119
11/28/2020-16:50:06.351679-2198,2200,2225,2807,131,123
11/28/2020-16:51:13.636147-2199,2200,2228,2807,128,116
11/28/2020-16:52:20.948079-2191,2190,2224,2806,123,114
11/28/2020-16:53:28.241336-2188,2181,2215,2807,130,115
11/28/2020-16:54:35.552390-2186,2186,2216,2805,123,117
11/28/2020-16:55:42.862399-2183,2183,2215,2806,124,117
11/28/2020-16:56:50.181340-2181,2185,2218,2806,123,115
11/28/2020-16:57:57.509077-2179,2177,2211,2806,120,113
11/28/2020-16:59:04.798451-2183,2181,2212,2806,123,116
11/28/2020-17:00:12.116563-2184,2183,2216,2806,121,114
11/28/2020-17:01:19.414888-2186,2187,2219,2806,123,118
11/28/2020-17:02:26.715828-2184,2183,2216,2805,124,116
11/28/2020-17:03:34.004393-2183,2183,2215,2805,127,116
11/28/2020-17:04:41.331063-2178,2177,2212,2806,121,115
11/28/2020-17:05:48.658484-2179,2178,2213,2806,121,113
11/28/2020-17:06:55.953921-2173,2172,2209,2805,130,121
11/28/2020-17:08:03.265308-2175,2176,2209,2806,129,122
11/28/2020-17:09:10.573263-2179,2178,2211,2805,131,118
11/28/2020-17:31:03.504384-2131,2134,2162,2805,130,121
11/28/2020-17:32:10.845464-2130,2128,2156,2804,126,122
11/28/2020-17:33:18.175655-2145,2144,2165,2804,131,124
11/28/2020-17:34:25.496650-2155,2157,2172,2804,132,122
11/28/2020-17:35:32.787852-2167,2167,2181,2804,132,121
11/28/2020-17:36:40.089766-2183,2183,2200,2804,133,125
11/28/2020-17:37:47.361644-2198,2196,2210,2803,131,125
11/28/2020-17:38:54.656926-2210,2209,2225,2803,134,123
11/28/2020-17:40:01.950438-2223,2219,2232,2803,134,124
11/28/2020-17:41:09.244637-2228,2233,2247,2803,130,121
11/28/2020-17:50:51.142862-2271,2271,2289,2802,128,119
11/28/2020-17:51:58.498262-2260,2258,2277,2802,127,119
11/28/2020-17:53:05.794643-2246,2248,2268,2802,130,116
11/28/2020-17:54:13.110648-2243,2242,2259,2802,123,120
11/28/2020-17:55:20.450146-2242,2245,2257,2802,132,119
11/28/2020-17:56:27.719896-2238,2239,2251,2802,131,123
11/28/2020-17:57:35.055524-2232,2232,2239,2802,131,122
11/28/2020-17:58:42.414772-2222,2221,2237,2801,123,116
11/28/2020-17:59:49.701731-2212,2214,2230,2802,126,117
11/28/2020-18:00:56.980949-2209,2204,2220,2801,126,119
11/28/2020-18:02:04.286589-2199,2199,2216,2801,126,114
11/28/2020-18:03:11.572936-2191,2191,2207,2801,125,119
11/28/2020-18:04:18.850033-2186,2185,2204,2802,126,116
11/28/2020-18:05:26.126794-2179,2173,2191,2802,130,122
11/28/2020-18:06:33.420007-2175,2168,2183,2802,130,119
11/28/2020-18:07:40.687755-2164,2170,2186,2802,126,115
11/28/2020-18:08:47.976267-2166,2166,2187,2802,135,128
11/28/2020-18:09:55.294039-2174,2171,2190,2801,124,114
11/28/2020-18:11:02.594193-2168,2170,2191,2801,127,114
11/28/2020-18:12:09.866020-2165,2166,2187,2801,149,136
11/28/2020-18:13:17.218665-2169,2166,2182,2801,153,139
11/28/2020-18:14:24.544926-2167,2167,2185,2801,149,136
11/28/2020-18:15:31.903857-2152,2156,2177,2800,149,138
11/28/2020-18:16:39.292457-2152,2153,2173,2801,150,137
11/28/2020-18:17:46.637108-2147,2149,2173,2801,149,137
11/28/2020-18:18:54.028226-2147,2149,2170,2801,150,138
11/28/2020-18:20:01.387297-2147,2148,2171,2800,151,138
11/28/2020-18:21:08.730208-2149,2149,2171,2800,152,138
11/28/2020-18:22:16.073210-2143,2144,2165,2800,152,139
11/28/2020-18:23:23.415679-2140,2139,2162,2801,149,136
11/28/2020-18:24:30.741918-2147,2147,2167,2800,150,135
11/28/2020-18:25:38.101095-2142,2146,2167,2800,150,136
11/28/2020-18:26:45.491554-2138,2138,2166,2800,149,134
11/28/2020-18:27:52.798312-2133,2134,2161,2801,149,136
11/28/2020-18:29:00.162851-2133,2133,2157,2800,150,136
11/28/2020-18:30:07.506365-2135,2133,2153,2800,149,135
11/28/2020-18:31:14.817871-2131,2132,2157,2799,149,136
11/28/2020-18:32:22.177124-2128,2127,2151,2801,150,136
11/28/2020-18:33:29.527634-2123,2121,2148,2800,150,136
11/28/2020-18:34:36.867656-2119,2120,2148,2798,151,137
11/28/2020-18:35:44.236777-2119,2119,2143,2799,150,137
11/28/2020-18:36:51.581553-2118,2114,2139,2800,149,136
11/28/2020-18:37:58.926915-2112,2113,2139,2799,151,136
11/28/2020-18:39:06.281495-2116,2114,2141,2799,150,136
11/28/2020-18:40:13.629997-2116,2115,2139,2799,150,135
11/28/2020-18:41:20.973454-2111,2111,2137,2799,150,136
11/28/2020-18:42:28.347862-2109,2110,2137,2799,150,135
11/28/2020-18:43:35.696912-2106,2106,2134,2799,150,137
11/28/2020-18:44:43.067601-2103,2105,2135,2799,151,136
11/28/2020-18:45:50.421398-2102,2101,2130,2799,151,136
11/28/2020-18:46:57.706853-2122,2122,2141,2800,151,137
11/28/2020-18:48:05.054080-2138,2139,2156,2799,150,136
11/28/2020-18:49:12.425969-2151,2149,2167,2798,149,135
11/28/2020-18:50:19.769424-2169,2168,2185,2799,150,135
11/28/2020-18:51:27.097079-2190,2191,2209,2799,150,135
11/28/2020-18:52:34.424504-2209,2215,2230,2799,150,136
11/28/2020-18:53:41.758773-2224,2228,2245,2800,150,135
11/28/2020-18:54:49.110258-2239,2238,2253,2799,149,134
11/28/2020-18:55:56.471036-2240,2242,2258,2797,150,137
11/28/2020-18:57:03.846266-2246,2244,2259,2798,150,135
11/28/2020-18:58:11.237920-2252,2252,2270,2798,150,134
11/28/2020-18:59:18.596389-2259,2254,2271,2799,150,136
11/28/2020-19:00:25.972471-2264,2268,2285,2797,154,140
11/28/2020-19:01:33.316652-2277,2276,2293,2797,154,140
11/28/2020-19:02:40.691475-2248,2244,2267,2799,153,140
11/28/2020-19:03:48.034952-2228,2226,2247,2798,154,139
11/28/2020-19:04:55.377164-2207,2207,2229,2799,153,138
11/28/2020-19:06:02.736752-2198,2196,2219,2798,153,139
11/28/2020-19:07:10.110774-2181,2185,2210,2797,154,140
11/28/2020-19:08:17.471322-2180,2174,2195,2798,153,140
11/28/2020-19:09:24.814185-2172,2167,2183,2798,153,139
11/28/2020-19:10:32.185021-2167,2167,2186,2797,152,139
11/28/2020-19:11:39.548322-2169,2169,2187,2797,153,139
11/28/2020-19:12:46.892981-2156,2162,2180,2797,153,139
11/28/2020-19:13:54.236416-2156,2157,2180,2797,151,138
11/28/2020-19:15:01.610560-2155,2157,2179,2798,152,139
11/28/2020-19:16:08.955417-2161,2153,2177,2798,152,136
11/28/2020-19:17:16.330579-2156,2153,2177,2798,152,138
11/28/2020-19:18:23.702805-2156,2153,2175,2798,152,139
11/28/2020-19:19:31.037630-2148,2148,2173,2798,151,137
11/28/2020-19:20:38.375391-2146,2147,2168,2797,151,137
11/28/2020-19:21:45.718887-2141,2145,2173,2798,151,137
11/29/2020-08:42:28.266807-2308,2305,2310,2758,135,124
11/29/2020-08:42:39.338165-2308,2304,2310,2758,134,122
11/29/2020-08:43:19.644297-2309,2303,2307,2758,132,123
11/29/2020-08:44:25.813108-2308,2309,2316,2760,131,121
11/29/2020-08:45:31.997116-2316,2314,2319,2759,133,122
11/29/2020-08:46:38.198422-2316,2317,2322,2759,134,123
11/29/2020-08:47:42.211998-2322,2323,2329,2759,133,122
11/29/2020-08:48:48.365285-2325,2326,2332,2758,130,125
11/29/2020-08:49:54.501931-2331,2329,2333,2759,132,122
11/29/2020-08:51:01.086623-2335,2333,2339,2759,131,120
11/29/2020-08:52:07.238701-2340,2340,2343,2759,131,121
11/29/2020-08:53:13.423932-2340,2341,2344,2759,131,119
11/29/2020-08:54:19.576650-2344,2343,2346,2758,134,124
11/29/2020-08:55:25.697582-2345,2343,2347,2759,133,125
11/29/2020-08:56:31.867358-2348,2347,2350,2759,132,122
11/29/2020-08:57:38.052287-2348,2346,2350,2759,135,123
11/29/2020-08:58:44.173609-2350,2350,2352,2759,138,126
11/29/2020-08:59:50.294972-2352,2352,2352,2759,136,125
11/29/2020-12:21:14.530708-2424,2425,2418,2754,130,117
11/29/2020-12:22:20.647838-2427,2427,2421,2754,128,115
11/29/2020-12:23:26.778217-2429,2428,2421,2754,122,109
11/29/2020-12:24:32.895760-2431,2430,2423,2754,128,115
11/29/2020-12:25:39.044266-2433,2432,2426,2754,134,119
11/29/2020-14:20:04.099236-2221,2220,2216,2749,147,136
