12/01/2020-00:22:37.295747-4224,4230,4153,2572,128,119
12/01/2020-00:23:44.646330-3909,3913,3784,2572,129,129
12/01/2020-00:24:51.998698-3662,3667,3469,2573,129,130
12/01/2020-00:25:59.397154-3471,3475,3284,2573,129,120
12/01/2020-00:27:06.748763-3344,3349,3158,2573,130,120
12/01/2020-00:28:14.083736-3244,3248,3065,2573,131,128
12/01/2020-00:29:21.435229-3164,3168,2985,2573,129,131
12/01/2020-00:30:28.770206-3110,3112,2935,2573,129,131
12/01/2020-00:31:36.151792-3060,3062,2889,2573,130,131
12/01/2020-00:32:43.519823-3021,3024,2852,2573,130,125
12/01/2020-00:33:50.886028-2977,2978,2816,2572,128,127
12/01/2020-00:34:58.253434-2941,2943,2787,2572,129,128
12/01/2020-00:36:05.654112-2906,2907,2759,2572,129,131
12/01/2020-00:37:13.020975-2883,2885,2742,2572,126,119
12/01/2020-00:38:20.403848-2869,2870,2733,2572,129,120
12/01/2020-00:39:27.771850-2838,2837,2712,2572,129,127
12/01/2020-00:40:35.154416-2815,2818,2696,2572,128,115
12/01/2020-00:41:42.521181-2800,2799,2686,2572,127,116
12/01/2020-00:42:49.887427-2786,2785,2681,2572,126,123
12/01/2020-00:43:57.255450-2762,2764,2681,2572,127,127
12/01/2020-00:45:04.622556-2958,2951,3015,2572,128,124
12/01/2020-00:46:11.988304-3304,3294,3421,2571,128,121
12/01/2020-00:47:19.387176-3651,3643,3786,2571,125,130
12/01/2020-00:48:26.769379-3946,3939,4069,2571,124,122
12/01/2020-00:49:34.136511-4174,4176,4280,2571,126,127
12/01/2020-00:50:41.503514-4351,4347,4431,2571,127,122
12/01/2020-00:51:48.869822-4483,4476,4537,2570,125,124
12/01/2020-00:52:56.237323-4579,4578,4622,2570,125,122
12/01/2020-00:54:03.588297-4657,4654,4679,2570,125,119
12/01/2020-00:55:10.939556-4714,4714,4729,2571,124,118
12/01/2020-00:56:18.289008-4764,4764,4764,2571,125,125
12/01/2020-00:57:25.657437-4801,4801,4797,2571,124,122
12/01/2020-00:58:33.008541-4832,4831,4818,2570,124,124
12/01/2020-00:59:40.390010-4855,4858,4844,2571,124,119
12/01/2020-01:00:47.727124-4878,4878,4858,2571,124,121
12/01/2020-01:01:55.076993-4897,4899,4875,2571,124,124
12/01/2020-01:03:02.444778-4912,4911,4885,2572,124,120
12/01/2020-01:04:09.811781-4901,4902,4859,2572,125,120
12/01/2020-01:05:17.163630-4792,4791,4726,2572,124,122
12/01/2020-01:06:24.545284-4582,4589,4463,2572,126,117
12/01/2020-01:07:31.913905-4236,4242,4062,2572,127,117
12/01/2020-01:08:39.264415-3974,3978,3764,2573,127,128
12/01/2020-01:09:46.615269-3783,3787,3554,2573,128,128
12/01/2020-01:10:53.950288-3643,3648,3396,2573,126,113
12/01/2020-01:12:01.318379-3529,3532,3277,2573,126,114
12/01/2020-01:13:08.684792-3449,3452,3197,2573,128,115
12/01/2020-01:14:16.035823-3380,3382,3128,2573,125,120
12/01/2020-01:15:23.387083-3312,3314,3073,2573,128,130
12/01/2020-01:16:30.738010-3261,3260,3032,2573,128,116
12/01/2020-01:17:38.104280-3211,3212,2989,2573,128,130
12/01/2020-01:18:45.455401-3156,3157,2948,2573,128,112
12/01/2020-01:19:52.838757-3116,3116,2918,2573,126,131
12/01/2020-01:21:00.191360-3085,3084,2899,2573,128,113
12/01/2020-01:22:07.573716-3046,3049,2877,2573,126,128
12/01/2020-01:23:14.925758-3016,3016,2859,2573,128,119
12/01/2020-01:24:22.292494-2979,2980,2837,2572,129,127
12/01/2020-01:25:29.643654-2959,2959,2825,2573,126,112
12/01/2020-01:26:37.028383-2936,2937,2812,2572,126,115
12/01/2020-01:27:44.395159-2912,2912,2800,2572,128,116
12/01/2020-01:28:51.746334-2893,2892,2790,2572,128,114
12/01/2020-01:29:59.129751-2876,2874,2779,2572,129,119
12/01/2020-01:31:06.464920-2856,2856,2768,2572,126,123
12/01/2020-01:32:13.831049-2839,2839,2759,2572,127,108
12/01/2020-01:33:21.182896-2823,2826,2750,2572,127,130
12/01/2020-01:34:28.565649-2809,2809,2742,2572,126,115
12/01/2020-01:35:35.933637-2791,2790,2732,2572,129,131
12/01/2020-01:36:43.283845-2771,2770,2720,2572,129,107
12/01/2020-01:37:50.651121-2879,2874,2914,2572,128,127
12/01/2020-01:38:58.019171-3193,3188,3303,2572,128,130
12/01/2020-01:40:05.385816-3544,3538,3684,2571,127,130
12/01/2020-01:41:12.752852-3861,3854,3990,2571,125,117
12/01/2020-01:42:20.103821-4113,4112,4224,2570,126,122
12/01/2020-01:43:27.455700-4309,4308,4396,2570,126,123
12/01/2020-01:44:34.805141-4458,4452,4514,2570,125,123
12/01/2020-01:45:42.172719-4565,4562,4607,2570,124,122
12/01/2020-01:46:49.523386-4647,4647,4674,2570,124,124
12/01/2020-01:47:56.890653-4714,4712,4727,2570,124,124
12/01/2020-01:49:04.257924-4767,4765,4767,2570,125,124
12/01/2020-01:50:11.625765-4807,4805,4800,2570,124,122
12/01/2020-01:51:18.992148-4841,4840,4828,2570,124,124
12/01/2020-01:52:26.359048-4869,4867,4848,2570,124,122
12/01/2020-01:53:33.741586-4894,4892,4868,2570,125,119
12/01/2020-01:54:41.092357-4911,4911,4885,2570,125,124
12/01/2020-01:55:48.443483-4915,4916,4877,2571,124,122
12/01/2020-01:56:55.794735-4797,4799,4727,2571,125,124
12/01/2020-01:58:03.162578-4648,4651,4559,2571,125,123
12/01/2020-01:59:10.578018-4300,4305,4168,2572,126,126
12/01/2020-02:00:17.944707-4037,4041,3836,2572,126,114
12/01/2020-02:01:25.311227-3846,3851,3612,2572,125,127
12/01/2020-02:02:32.678888-3711,3713,3462,2572,126,124
12/01/2020-02:03:40.029355-3590,3594,3336,2572,128,120
12/01/2020-02:04:47.397502-3493,3495,3232,2572,128,114
12/01/2020-02:05:54.780933-3416,3417,3166,2572,126,115
12/01/2020-02:07:02.147822-3344,3346,3095,2572,128,128
12/01/2020-02:08:09.499329-3286,3289,3048,2572,126,128
12/01/2020-02:09:16.834974-3230,3232,3006,2572,126,122
12/01/2020-02:10:24.170401-3183,3185,2970,2572,128,128
12/01/2020-02:11:31.536831-3150,3151,2953,2572,126,129
12/01/2020-02:12:38.888805-3108,3108,2927,2572,128,130
12/01/2020-02:13:46.240766-3071,3072,2902,2572,128,111
12/01/2020-02:14:53.592015-3041,3038,2885,2572,128,120
12/01/2020-02:16:00.927214-3012,3010,2868,2572,128,124
12/01/2020-02:17:08.278257-2985,2985,2852,2572,128,131
12/01/2020-02:18:15.644750-2960,2959,2838,2572,126,130
12/01/2020-02:19:22.996795-2935,2937,2825,2572,128,128
12/01/2020-02:20:30.362907-2915,2914,2812,2571,126,114
12/01/2020-02:21:37.715768-2894,2895,2799,2571,126,125
12/01/2020-02:22:45.082898-2877,2877,2790,2571,127,126
12/01/2020-02:23:52.480858-2860,2861,2780,2571,125,108
12/01/2020-02:24:59.832729-2842,2843,2772,2571,125,131
12/01/2020-02:26:07.217004-2824,2824,2764,2570,127,130
12/01/2020-02:27:14.615192-2813,2813,2756,2571,126,126
12/01/2020-02:28:21.967984-2800,2800,2750,2571,126,126
12/01/2020-02:29:29.335338-2788,2788,2742,2571,126,119
12/01/2020-02:30:36.702268-2776,2775,2733,2571,126,119
12/01/2020-02:31:44.054188-2766,2764,2725,2571,127,109
12/01/2020-02:32:51.405153-2754,2755,2717,2570,126,129
12/01/2020-02:33:58.788734-2745,2744,2711,2570,127,131
12/01/2020-02:35:06.154393-2735,2736,2702,2570,125,116
12/01/2020-02:36:13.522144-2726,2725,2694,2570,128,108
12/01/2020-02:37:20.889097-2717,2715,2689,2570,128,130
12/01/2020-02:38:28.241379-2726,2724,2724,2570,127,114
12/01/2020-02:39:35.591531-2969,2962,3055,2570,128,111
12/01/2020-02:40:42.943128-3326,3317,3459,2570,128,130
12/01/2020-02:41:50.327377-3673,3666,3816,2569,126,113
12/01/2020-02:42:57.678324-3964,3958,4092,2569,125,123
12/01/2020-02:44:05.044232-4196,4187,4292,2569,125,126
12/01/2020-02:45:12.412551-4368,4364,4443,2568,125,125
12/01/2020-02:46:19.780782-4493,4496,4554,2569,125,118
12/01/2020-02:47:27.100405-4595,4593,4631,2568,125,125
12/01/2020-02:48:34.420110-4670,4670,4693,2568,124,118
12/01/2020-02:49:41.739126-4732,4730,4738,2569,124,124
12/01/2020-02:50:49.072954-4779,4778,4774,2568,125,124
12/01/2020-02:51:56.473719-4819,4818,4807,2568,125,122
12/01/2020-02:53:03.841492-4851,4849,4831,2569,124,124
12/01/2020-02:54:11.224285-4871,4876,4857,2569,124,120
12/01/2020-02:55:18.560006-4899,4898,4871,2569,123,124
12/01/2020-02:56:25.943893-4864,4866,4804,2569,125,118
12/01/2020-02:57:33.294955-4772,4774,4717,2569,124,120
12/01/2020-02:58:40.678628-4472,4473,4345,2569,127,126
12/01/2020-02:59:48.011666-4155,4160,3964,2570,127,123
12/01/2020-03:00:55.380147-3919,3924,3696,2570,127,122
12/01/2020-03:02:02.764788-3745,3750,3502,2570,125,113
12/01/2020-03:03:10.147478-3613,3616,3361,2570,128,115
12/01/2020-03:04:17.511089-3508,3511,3252,2570,128,111
12/01/2020-03:05:24.865593-3423,3427,3171,2570,131,122
12/01/2020-03:06:32.185668-3348,3350,3105,2570,129,132
12/01/2020-03:07:39.552760-3286,3288,3050,2570,128,120
12/01/2020-03:08:46.840264-3231,3231,3007,2570,128,109
12/01/2020-03:09:54.190737-3183,3184,2973,2570,129,117
12/01/2020-03:11:01.558900-3139,3140,2943,2570,129,133
12/01/2020-03:12:08.894524-3097,3096,2914,2570,128,130
12/01/2020-03:13:16.228306-3062,3063,2889,2570,130,122
12/01/2020-03:14:23.525002-3036,3036,2876,2570,130,129
12/01/2020-03:15:30.916856-3008,3008,2862,2570,130,129
12/01/2020-03:16:38.251020-2981,2980,2847,2570,130,132
12/01/2020-03:17:45.571470-2957,2957,2836,2569,128,119
12/01/2020-03:18:52.907042-2936,2935,2825,2569,130,126
12/01/2020-03:20:00.258415-2912,2914,2809,2570,128,131
12/01/2020-03:21:07.641880-2891,2891,2796,2570,130,114
12/01/2020-03:22:14.992884-2874,2875,2785,2569,129,132
12/01/2020-03:23:22.363241-2854,2857,2776,2569,130,103
12/01/2020-03:24:29.663627-2839,2836,2769,2569,128,129
12/01/2020-03:25:36.997893-2821,2822,2760,2569,130,126
12/01/2020-03:26:44.318851-2807,2806,2751,2569,131,133
12/01/2020-03:27:51.694792-2796,2794,2744,2569,130,112
12/01/2020-03:28:59.085695-2781,2781,2734,2569,128,103
12/01/2020-03:30:06.383640-2773,2771,2728,2569,129,109
12/01/2020-03:31:13.756484-2762,2762,2720,2569,129,132
12/01/2020-03:32:21.107390-2751,2751,2712,2568,129,123
12/01/2020-03:33:28.442498-2743,2742,2706,2567,129,134
12/01/2020-03:34:35.807629-2732,2732,2699,2568,131,118
12/01/2020-03:35:43.169692-2721,2722,2690,2568,129,116
12/01/2020-03:36:50.528649-2712,2712,2682,2568,130,103
12/01/2020-03:37:57.895353-2704,2703,2676,2568,131,110
12/01/2020-03:39:05.230463-2696,2694,2668,2567,130,132
12/01/2020-03:40:12.550855-2687,2686,2660,2568,128,108
12/01/2020-03:41:19.885257-2678,2676,2651,2567,130,133
12/01/2020-03:42:27.237909-2669,2668,2645,2568,130,117
12/01/2020-03:43:34.589028-2813,2807,2877,2567,131,131
12/01/2020-03:44:41.901623-3146,3140,3280,2566,131,126
12/01/2020-03:45:49.227540-3516,3506,3662,2566,129,132
12/01/2020-03:46:56.562979-3835,3828,3972,2565,127,114
12/01/2020-03:48:03.930208-4091,4087,4204,2565,128,120
12/01/2020-03:49:11.297391-4288,4284,4373,2565,128,117
12/01/2020-03:50:18.627282-4434,4427,4494,2565,127,125
12/01/2020-03:51:25.983779-4545,4542,4588,2565,127,124
12/01/2020-03:52:33.323321-4629,4630,4658,2565,128,118
12/01/2020-03:53:40.638135-4700,4698,4710,2565,128,127
12/01/2020-03:54:47.972193-4750,4751,4751,2565,127,125
12/01/2020-03:55:55.293237-4795,4794,4788,2565,126,125
12/01/2020-03:57:02.645083-4829,4828,4813,2565,127,119
12/01/2020-03:58:09.963704-4857,4858,4838,2565,126,126
12/01/2020-03:59:17.325490-4881,4881,4858,2565,126,125
12/01/2020-04:00:24.682428-4898,4899,4868,2565,127,124
12/01/2020-04:01:32.053034-4791,4794,4706,2565,126,126
12/01/2020-04:02:39.347004-4676,4681,4594,2566,126,127
12/01/2020-04:03:46.647922-4342,4350,4196,2566,127,115
12/01/2020-04:04:53.976337-4057,4061,3861,2568,129,119
12/01/2020-04:06:01.288039-3862,3866,3637,2567,127,132
12/01/2020-04:07:08.684136-3710,3715,3455,2568,130,123
12/01/2020-04:08:16.013842-3575,3578,3320,2568,130,130
12/01/2020-04:09:23.383654-3478,3479,3213,2568,131,132
12/01/2020-04:10:30.732178-3396,3399,3138,2568,129,132
12/01/2020-04:11:38.065167-3309,3310,3061,2568,130,121
12/01/2020-04:12:45.400297-3244,3245,3011,2568,130,131
12/01/2020-04:13:52.754647-3193,3193,2973,2568,128,105
12/01/2020-04:15:00.120963-3139,3140,2931,2567,129,130
12/01/2020-04:16:07.489620-3102,3101,2907,2567,130,110
12/01/2020-04:17:14.857126-3068,3070,2888,2568,130,132
12/01/2020-04:18:22.224423-3037,3040,2871,2567,130,106
12/01/2020-04:19:29.563424-3011,3011,2859,2566,128,117
12/01/2020-04:20:36.890202-2986,2987,2847,2567,128,133
12/01/2020-04:21:44.283627-2959,2962,2832,2566,130,132
12/01/2020-04:22:51.651044-2938,2936,2820,2567,130,109
12/01/2020-04:23:58.996904-2915,2914,2807,2566,131,128
12/01/2020-04:25:06.332254-2894,2894,2794,2566,129,134
12/01/2020-04:26:13.667628-2874,2875,2779,2566,128,126
12/01/2020-04:27:21.034931-2856,2857,2770,2566,130,131
12/01/2020-04:28:28.401802-2839,2839,2761,2565,129,132
12/01/2020-04:29:35.743716-2818,2818,2751,2565,131,100
12/01/2020-04:30:43.104202-2804,2803,2744,2565,129,125
12/01/2020-04:31:50.449780-2791,2792,2735,2565,128,133
12/01/2020-04:32:57.806356-2776,2777,2725,2566,131,125
12/01/2020-04:34:05.173923-2767,2767,2720,2565,129,121
12/01/2020-04:35:12.521287-2754,2754,2712,2565,127,134
12/01/2020-04:36:19.843318-2744,2744,2704,2565,128,112
12/01/2020-04:37:27.178704-2735,2733,2698,2565,130,133
12/01/2020-04:38:34.512246-2725,2724,2689,2565,128,134
12/01/2020-04:39:41.834299-2715,2714,2682,2565,128,119
12/01/2020-04:40:49.169632-2705,2705,2674,2565,130,116
12/01/2020-04:41:56.504217-2696,2697,2665,2564,130,115
12/01/2020-04:43:03.806479-2688,2688,2660,2564,130,107
12/01/2020-04:44:11.158964-2679,2677,2652,2564,130,121
12/01/2020-04:45:18.492518-2670,2670,2645,2564,131,134
12/01/2020-04:46:25.834809-2665,2663,2639,2564,129,128
12/01/2020-04:47:33.180390-2656,2654,2632,2564,130,103
12/01/2020-04:48:40.514680-2661,2659,2660,2563,131,132
12/01/2020-04:49:47.848901-2906,2896,3001,2564,130,114
12/01/2020-04:50:55.184664-3268,3258,3408,2563,128,125
12/01/2020-04:52:02.551766-3621,3615,3768,2563,128,117
12/01/2020-04:53:09.903280-3926,3917,4051,2563,126,126
12/01/2020-04:54:17.231775-4156,4150,4258,2563,127,121
12/01/2020-04:55:24.597050-4333,4333,4416,2562,127,125
12/01/2020-04:56:31.989592-4467,4464,4523,2562,129,127
12/01/2020-04:57:39.357584-4572,4568,4609,2562,127,121
12/01/2020-04:58:46.675930-4649,4647,4670,2563,127,119
12/01/2020-04:59:54.043472-4712,4711,4721,2562,126,119
12/01/2020-05:01:01.410612-4761,4759,4759,2562,126,126
12/01/2020-05:02:08.713971-4799,4798,4790,2563,127,120
12/01/2020-05:03:16.055974-4832,4831,4815,2563,126,124
12/01/2020-05:04:23.416802-4859,4859,4837,2563,127,120
12/01/2020-05:05:30.735791-4884,4882,4857,2563,127,120
12/01/2020-05:06:38.070989-4889,4892,4850,2563,126,123
12/01/2020-05:07:45.402408-4778,4778,4699,2563,127,126
12/01/2020-05:08:52.789313-4622,4625,4523,2563,127,122
12/01/2020-05:10:00.153217-4287,4291,4139,2564,128,128
12/01/2020-05:11:07.507389-4036,4041,3815,2564,128,117
12/01/2020-05:12:14.817235-3857,3862,3608,2564,128,130
12/01/2020-05:13:22.146260-3693,3697,3439,2564,129,130
12/01/2020-05:14:29.513815-3573,3575,3305,2564,130,107
12/01/2020-05:15:36.832397-3475,3478,3212,2564,128,116
12/01/2020-05:16:44.214482-3403,3401,3138,2564,130,133
12/01/2020-05:17:51.566215-3321,3319,3078,2564,130,132
12/01/2020-05:18:58.871623-3243,3245,3009,2564,128,128
12/01/2020-05:20:06.223280-3195,3196,2972,2564,127,132
12/01/2020-05:21:13.528954-3153,3153,2943,2564,128,130
12/01/2020-05:22:20.877412-3108,3112,2915,2564,130,113
12/01/2020-05:23:28.210404-3069,3070,2889,2564,126,114
12/01/2020-05:24:35.563465-3036,3038,2872,2564,128,127
12/01/2020-05:25:42.881894-3006,3006,2854,2564,129,102
12/01/2020-05:26:50.248540-2978,2976,2838,2563,130,129
12/01/2020-05:27:57.575468-2948,2947,2818,2564,127,130
12/01/2020-05:29:04.965667-2922,2921,2803,2563,130,132
12/01/2020-05:30:12.287631-2902,2899,2790,2563,131,107
12/01/2020-05:31:19.591048-2881,2881,2777,2563,129,119
12/01/2020-05:32:26.926423-2866,2865,2772,2563,130,101
12/01/2020-05:33:34.255212-2847,2847,2761,2563,128,129
12/01/2020-05:34:41.580870-2829,2828,2752,2563,128,134
12/01/2020-05:35:48.948125-2813,2811,2744,2563,130,117
12/01/2020-05:36:56.287156-2795,2794,2734,2563,131,133
12/01/2020-05:38:03.641437-2780,2780,2725,2563,130,127
12/01/2020-05:39:11.035035-2769,2768,2718,2563,131,118
12/01/2020-05:40:18.355813-2755,2755,2708,2563,129,123
12/01/2020-05:41:25.704415-2743,2743,2699,2562,128,100
12/01/2020-05:42:33.032678-2735,2733,2694,2562,130,133
12/01/2020-05:43:40.358919-2725,2724,2687,2561,130,128
12/01/2020-05:44:47.722256-2715,2715,2680,2561,128,110
12/01/2020-05:45:55.075424-2706,2705,2673,2561,130,128
12/01/2020-05:47:02.416799-2697,2697,2664,2561,128,117
12/01/2020-05:48:09.763072-2688,2688,2658,2561,130,130
12/01/2020-05:49:17.064410-2679,2679,2651,2561,131,101
12/01/2020-05:50:24.431589-2670,2671,2643,2561,131,133
12/01/2020-05:51:31.798347-2662,2662,2637,2561,130,127
12/01/2020-05:52:39.136135-2654,2654,2629,2561,128,134
12/01/2020-05:53:46.486361-2649,2646,2640,2561,129,133
12/01/2020-05:54:53.845132-2876,2869,2960,2560,127,099
12/01/2020-05:56:01.236561-3231,3222,3371,2560,129,131
12/01/2020-05:57:08.588143-3596,3588,3739,2560,128,131
12/01/2020-05:58:15.939535-3900,3891,4030,2559,128,131
12/01/2020-05:59:23.303179-4140,4138,4246,2559,128,126
12/01/2020-06:00:30.658058-4325,4318,4403,2559,128,129
12/01/2020-06:01:37.993227-4461,4462,4519,2559,128,123
12/01/2020-06:02:45.344944-4568,4564,4604,2559,128,123
12/01/2020-06:03:52.646660-4647,4647,4668,2559,126,128
12/01/2020-06:04:59.967738-4710,4707,4718,2559,128,124
12/01/2020-06:06:07.306898-4758,4761,4759,2559,127,128
12/01/2020-06:07:14.637744-4800,4802,4790,2559,127,127
12/01/2020-06:08:22.005264-4835,4835,4819,2559,128,124
12/01/2020-06:09:29.356701-4864,4859,4840,2559,128,126
12/01/2020-06:10:36.676110-4885,4888,4860,2560,126,121
12/01/2020-06:11:44.011252-4907,4904,4875,2560,125,124
12/01/2020-06:12:51.330283-4869,4868,4805,2560,127,127
12/01/2020-06:13:58.695682-4777,4776,4714,2560,127,119
12/01/2020-06:15:06.052309-4496,4496,4355,2560,127,118
12/01/2020-06:16:13.368404-4176,4178,3992,2560,128,124
12/01/2020-06:17:20.741329-3952,3957,3734,2561,128,131
12/01/2020-06:18:28.108169-3767,3770,3517,2561,129,126
12/01/2020-06:19:35.483865-3620,3624,3350,2561,129,118
12/01/2020-06:20:42.827038-3510,3512,3244,2561,130,124
12/01/2020-06:21:50.220784-3415,3416,3154,2561,130,132
12/01/2020-06:22:57.571565-3339,3341,3089,2561,129,131
12/01/2020-06:24:04.909291-3273,3274,3032,2561,129,128
12/01/2020-06:25:12.226364-3213,3214,2986,2561,128,116
12/01/2020-06:26:19.562027-3168,3168,2949,2561,130,131
12/01/2020-06:27:26.926312-3117,3117,2918,2561,127,128
12/01/2020-06:28:34.293486-3077,3077,2888,2561,130,134
12/01/2020-06:29:41.630318-3041,3041,2864,2561,130,108
12/01/2020-06:30:48.983154-3012,3013,2850,2561,129,133
12/01/2020-06:31:56.364606-2979,2980,2833,2561,129,122
12/01/2020-06:33:03.691344-2956,2954,2820,2560,129,110
12/01/2020-06:34:11.084939-2925,2926,2800,2560,131,133
12/01/2020-06:35:18.451980-2910,2908,2794,2560,128,126
12/01/2020-06:36:25.803813-2891,2894,2786,2560,131,115
12/01/2020-06:37:33.138631-2876,2875,2781,2560,128,134
12/01/2020-06:38:40.475985-2857,2858,2769,2560,130,124
12/01/2020-06:39:47.824234-2835,2834,2759,2560,130,132
12/01/2020-06:40:55.159789-2818,2820,2751,2560,129,131
12/01/2020-06:42:02.491310-2806,2807,2747,2560,128,133
12/01/2020-06:43:09.823959-2793,2792,2738,2560,130,134
12/01/2020-06:44:17.149234-2783,2781,2731,2560,128,130
12/01/2020-06:45:24.516546-2770,2768,2724,2559,131,133
12/01/2020-06:46:31.820117-2758,2758,2715,2559,130,125
12/01/2020-06:47:39.155223-2748,2746,2708,2559,129,131
12/01/2020-06:48:46.490404-2738,2740,2699,2559,131,134
12/01/2020-06:49:53.859649-2728,2728,2691,2559,130,132
12/01/2020-06:51:01.189032-2718,2718,2683,2559,128,131
12/01/2020-06:52:08.511978-2708,2707,2676,2559,130,134
12/01/2020-06:53:15.850823-2696,2696,2665,2559,130,125
12/01/2020-06:54:23.196862-2688,2688,2659,2559,131,102
12/01/2020-06:55:30.565632-2680,2679,2651,2559,128,134
12/01/2020-06:56:37.868866-2671,2671,2645,2558,128,109
12/01/2020-06:57:45.208998-2663,2663,2637,2558,129,112
12/01/2020-06:58:52.573937-2699,2694,2715,2558,129,101
12/01/2020-06:59:59.891086-2975,2965,3077,2558,130,112
12/01/2020-07:01:07.226135-3343,3333,3482,2557,130,133
12/01/2020-07:02:14.575885-3689,3681,3832,2557,129,132
12/01/2020-07:03:21.891016-3975,3968,4098,2557,129,128
12/01/2020-07:04:29.231228-4201,4192,4294,2557,127,117
12/01/2020-07:05:36.550387-4367,4365,4443,2557,126,117
12/01/2020-07:06:43.887946-4497,4493,4549,2557,126,128
12/01/2020-07:07:51.206007-4596,4595,4629,2557,127,129
12/01/2020-07:08:58.571934-4670,4668,4691,2557,126,128
12/01/2020-07:10:05.940344-4728,4727,4735,2557,126,119
12/01/2020-07:11:13.272265-4775,4774,4771,2557,125,124
12/01/2020-07:12:20.658742-4815,4812,4800,2557,127,121
12/01/2020-07:13:28.023508-4845,4845,4828,2557,126,126
12/01/2020-07:14:35.326932-4871,4869,4851,2557,126,126
12/01/2020-07:15:42.685861-4891,4892,4867,2557,125,121
12/01/2020-07:16:50.011301-4883,4883,4834,2557,127,125
12/01/2020-07:17:57.367116-4776,4778,4714,2557,125,120
12/01/2020-07:19:04.734844-4555,4558,4430,2557,128,125
12/01/2020-07:20:12.102901-4241,4242,4053,2558,127,115
12/01/2020-07:21:19.453058-3981,3985,3772,2558,130,131
12/01/2020-07:22:26.817969-3772,3779,3508,2558,128,125
12/01/2020-07:23:34.171958-3636,3640,3369,2558,129,132
12/01/2020-07:24:41.511140-3525,3528,3252,2558,128,123
12/01/2020-07:25:48.840205-3430,3431,3164,2558,131,107
12/01/2020-07:26:56.193481-3348,3352,3094,2558,130,134
12/01/2020-07:28:03.528818-3280,3281,3036,2558,130,127
12/01/2020-07:29:10.880172-3231,3232,3002,2558,130,108
12/01/2020-07:30:18.199383-3175,3176,2962,2558,130,129
12/01/2020-07:31:25.533925-3126,3125,2928,2558,129,114
12/01/2020-07:32:32.870297-3091,3093,2901,2558,129,125
12/01/2020-07:33:40.221369-3048,3050,2876,2558,130,132
12/01/2020-07:34:47.589103-3018,3017,2856,2558,131,106
12/01/2020-07:35:54.924525-2985,2985,2836,2558,129,125
12/01/2020-07:37:02.257709-2960,2959,2824,2557,128,098
12/01/2020-07:38:09.560377-2936,2936,2810,2558,128,112
12/01/2020-07:39:16.930201-2912,2911,2795,2557,131,134
12/01/2020-07:40:24.281467-2894,2891,2787,2557,130,125
12/01/2020-07:41:31.619322-2873,2873,2772,2557,130,133
12/01/2020-07:42:38.936222-2854,2856,2760,2557,131,129
12/01/2020-07:43:46.271392-2835,2834,2752,2557,128,134
12/01/2020-07:44:53.622412-2817,2815,2747,2557,130,126
12/01/2020-07:46:00.956223-2804,2802,2742,2557,130,134
12/01/2020-07:47:08.324893-2792,2790,2734,2557,130,118
12/01/2020-07:48:15.644490-2779,2779,2726,2557,130,123
12/01/2020-07:49:22.977993-2767,2767,2717,2557,130,129
12/01/2020-07:50:30.297167-2754,2755,2709,2556,129,132
12/01/2020-07:51:37.601352-2744,2744,2702,2556,131,127
12/01/2020-07:52:44.928855-2735,2736,2695,2556,130,131
12/01/2020-07:53:52.302270-2726,2725,2689,2556,129,120
12/01/2020-07:54:59.611448-2715,2714,2681,2556,129,131
12/01/2020-07:56:06.973618-2705,2706,2674,2556,129,121
12/01/2020-07:57:14.274734-2696,2696,2664,2556,129,118
12/01/2020-07:58:21.629128-2688,2687,2656,2556,129,134
12/01/2020-07:59:28.968568-2678,2677,2649,2556,131,134
12/01/2020-08:00:36.332019-2670,2671,2642,2556,129,100
12/01/2020-08:01:43.653488-2662,2662,2636,2556,129,132
12/01/2020-08:02:51.007654-2653,2652,2629,2555,130,104
12/01/2020-08:03:58.338904-2644,2644,2621,2555,129,131
12/01/2020-08:05:05.674239-2767,2760,2822,2555,130,128
12/01/2020-08:06:13.024137-3097,3087,3219,2554,131,113
12/01/2020-08:07:20.360884-3469,3460,3613,2554,130,130
12/01/2020-08:08:27.656845-3797,3790,3935,2554,128,128
12/01/2020-08:09:35.015956-4058,4055,4179,2554,129,122
12/01/2020-08:10:42.361570-4261,4262,4355,2554,127,127
12/01/2020-08:11:49.718808-4417,4416,4484,2553,127,119
12/01/2020-08:12:57.064169-4535,4531,4578,2553,128,119
12/01/2020-08:14:04.385702-4623,4622,4650,2554,127,125
12/01/2020-08:15:11.741016-4693,4690,4707,2554,126,119
12/01/2020-08:16:19.060822-4748,4745,4750,2553,128,122
12/01/2020-08:17:26.428077-4791,4791,4783,2554,127,118
12/01/2020-08:18:33.799793-4824,4825,4810,2554,125,123
12/01/2020-08:19:41.147165-4854,4853,4834,2554,126,126
12/01/2020-08:20:48.482432-4878,4877,4854,2554,127,119
12/01/2020-08:21:55.820605-4900,4899,4872,2554,126,123
12/01/2020-08:23:03.117290-4836,4839,4768,2554,126,121
12/01/2020-08:24:10.469949-4757,4758,4687,2555,126,122
12/01/2020-08:25:17.806001-4440,4444,4317,2555,129,119
12/01/2020-08:26:25.138635-4148,4152,3954,2555,129,113
12/01/2020-08:27:32.467951-3916,3920,3688,2555,129,132
12/01/2020-08:28:39.832056-3733,3738,3479,2555,128,112
12/01/2020-08:29:47.166572-3590,3594,3330,2555,129,116
12/01/2020-08:30:54.499609-3475,3478,3215,2555,129,131
12/01/2020-08:32:01.841858-3385,3388,3120,2555,130,116
12/01/2020-08:33:09.208724-3319,3321,3062,2555,128,118
12/01/2020-08:34:16.585992-3248,3250,3006,2555,128,117
12/01/2020-08:35:23.898648-3200,3200,2969,2555,130,133
12/01/2020-08:36:31.223830-3151,3149,2932,2555,130,134
12/01/2020-08:37:38.603442-3101,3102,2897,2555,130,134
12/01/2020-08:38:45.894570-3063,3063,2873,2555,131,134
12/01/2020-08:39:53.226631-3025,3025,2851,2555,128,124
12/01/2020-08:41:00.597544-2993,2992,2831,2555,128,134
12/01/2020-08:42:07.948862-2969,2968,2817,2555,131,132
12/01/2020-08:43:15.267937-2946,2946,2804,2555,131,134
12/01/2020-08:44:22.603438-2921,2921,2795,2555,128,107
12/01/2020-08:45:29.954665-2900,2900,2782,2555,130,134
12/01/2020-08:46:37.302102-2881,2881,2772,2555,130,135
12/01/2020-08:47:44.637472-2863,2864,2761,2555,130,133
12/01/2020-08:48:51.960685-2843,2843,2751,2555,129,133
12/01/2020-08:49:59.311877-2825,2824,2742,2554,128,107
12/01/2020-08:51:06.663818-2805,2807,2730,2554,130,124
12/01/2020-08:52:14.030412-2792,2792,2722,2554,130,115
12/01/2020-08:53:21.396070-2778,2776,2715,2554,129,128
12/01/2020-08:54:28.748945-2767,2767,2708,2554,128,120
12/01/2020-08:55:36.115484-2753,2752,2700,2553,128,108
12/01/2020-08:56:43.435281-2743,2741,2693,2554,128,131
12/01/2020-08:57:50.769541-2732,2731,2686,2554,128,133
12/01/2020-08:58:58.105033-2721,2721,2678,2553,129,130
12/01/2020-09:00:05.443471-2711,2711,2672,2553,128,131
12/01/2020-09:01:12.773171-2700,2700,2664,2553,131,131
12/01/2020-09:02:20.105098-2669,2670,2634,2553,129,112
12/01/2020-09:03:27.475965-2640,2640,2600,2553,128,132
12/01/2020-09:04:34.877020-2602,2602,2565,2553,130,115
12/01/2020-09:05:42.259524-2577,2576,2538,2553,128,111
12/01/2020-09:06:49.594622-2550,2551,2509,2553,128,107
12/01/2020-09:07:56.976379-2524,2524,2483,2553,128,131
12/01/2020-09:09:04.359801-2504,2503,2465,2552,130,110
12/01/2020-09:10:11.742507-2490,2489,2452,2552,128,127
12/01/2020-09:11:19.141188-2476,2475,2438,2552,129,131
12/01/2020-09:12:26.525279-2464,2462,2426,2552,128,131
12/01/2020-09:13:33.891500-2454,2452,2419,2552,128,128
12/01/2020-09:14:41.243034-2633,2627,2708,2552,127,132
12/01/2020-09:15:48.609028-3004,2998,3150,2551,126,102
12/01/2020-09:16:55.960631-3399,3391,3564,2551,126,124
12/01/2020-09:18:03.345197-3748,3738,3896,2550,128,129
12/01/2020-09:19:10.685425-4019,4014,4147,2550,126,126
12/01/2020-09:20:18.015813-4231,4224,4326,2550,126,125
12/01/2020-09:21:25.350809-4386,4385,4463,2550,125,121
12/01/2020-09:22:32.695843-4505,4503,4557,2550,125,115
12/01/2020-09:23:40.053450-4602,4599,4631,2550,125,119
12/01/2020-09:24:47.340658-4669,4668,4689,2550,126,119
12/01/2020-09:25:54.675316-4727,4725,4730,2550,125,123
12/01/2020-09:27:02.010542-4770,4771,4767,2551,126,121
12/01/2020-09:28:09.342461-4742,4744,4692,2550,126,125
12/01/2020-09:29:16.678167-4613,4617,4543,2550,128,115
12/01/2020-09:30:24.012851-4113,4119,3943,2551,127,117
12/01/2020-09:31:31.414720-3740,3742,3522,2551,128,128
12/01/2020-09:32:38.750528-3494,3497,3239,2552,126,126
12/01/2020-09:33:46.086863-3319,3321,3070,2551,128,117
12/01/2020-09:34:53.454158-3180,3182,2945,2551,130,107
12/01/2020-09:36:00.792742-3074,3076,2863,2551,130,108
12/01/2020-09:37:08.159932-3003,3003,2812,2552,128,128
12/01/2020-09:38:15.490631-2933,2934,2763,2551,129,126
12/01/2020-09:39:22.810003-2877,2878,2708,2552,129,132
12/01/2020-09:40:30.130507-2822,2824,2673,2550,128,111
12/01/2020-09:41:37.447841-2795,2795,2655,2551,130,128
12/01/2020-09:42:44.801153-2762,2763,2638,2551,129,113
12/01/2020-09:43:52.168607-2735,2734,2625,2550,127,114
12/01/2020-09:44:59.519581-2710,2710,2613,2550,127,132
12/01/2020-09:46:06.855102-2684,2684,2594,2550,125,128
12/01/2020-09:47:14.190241-2660,2661,2575,2550,127,106
12/01/2020-09:48:21.525487-2638,2638,2563,2550,129,123
12/01/2020-09:49:28.840812-2625,2624,2554,2550,129,102
12/01/2020-09:50:36.179492-2611,2613,2551,2550,128,131
12/01/2020-09:51:43.498110-2603,2602,2542,2550,129,132
12/01/2020-09:52:50.801804-2594,2593,2539,2550,128,130
12/01/2020-09:53:58.132364-2583,2582,2531,2550,128,121
12/01/2020-09:55:05.487420-2571,2569,2525,2550,126,129
12/01/2020-09:56:12.806675-2561,2561,2516,2550,126,111
12/01/2020-09:57:20.173714-2550,2551,2508,2550,129,131
12/01/2020-09:58:27.515227-2541,2541,2502,2549,128,100
12/01/2020-09:59:34.851097-2534,2534,2495,2549,127,128
12/01/2020-10:00:42.180531-2531,2529,2495,2549,128,103
12/01/2020-10:01:49.515655-2521,2521,2488,2549,126,131
12/01/2020-10:02:56.831477-2518,2518,2486,2549,129,115
12/01/2020-10:04:04.169124-2510,2510,2481,2548,127,128
12/01/2020-10:05:11.511956-2505,2504,2476,2549,128,111
12/01/2020-10:06:18.890806-2501,2499,2474,2548,129,128
12/01/2020-10:07:26.239496-2495,2493,2470,2548,129,108
12/01/2020-10:08:33.574692-2490,2489,2463,2548,128,131
12/01/2020-10:09:40.908085-2487,2486,2461,2548,128,131
12/01/2020-10:10:48.261013-2482,2480,2457,2548,129,131
12/01/2020-10:11:55.606666-2474,2474,2452,2548,129,130
12/01/2020-10:13:02.950370-2472,2471,2450,2548,128,128
12/01/2020-10:14:10.282793-2472,2471,2450,2548,128,129
12/01/2020-10:15:17.648756-2468,2467,2447,2548,128,104
12/01/2020-10:16:24.992468-2468,2466,2445,2548,130,122
12/01/2020-10:17:32.356395-2460,2461,2442,2548,130,130
12/01/2020-10:18:39.717031-2455,2454,2436,2547,128,105
12/01/2020-10:19:47.084547-2453,2452,2434,2547,128,129
12/01/2020-10:20:54.405796-2449,2448,2430,2547,127,106
12/01/2020-10:22:01.753147-2446,2447,2429,2547,130,125
12/01/2020-10:23:09.051381-2445,2443,2427,2547,127,120
12/01/2020-10:24:16.411175-2438,2438,2424,2547,130,127
12/01/2020-10:25:23.746498-2433,2433,2419,2546,128,119
12/01/2020-10:26:31.060356-2428,2426,2415,2547,129,114
12/01/2020-10:27:38.384383-2424,2424,2412,2546,128,128
12/01/2020-10:28:45.712432-2420,2419,2410,2546,130,124
12/01/2020-10:29:53.070227-2414,2412,2404,2546,126,123
12/01/2020-10:31:00.402368-2408,2406,2398,2546,127,117
12/01/2020-10:32:07.742870-2405,2405,2394,2546,128,110
12/01/2020-10:33:15.066897-2403,2401,2393,2546,129,131
12/01/2020-10:34:22.466942-2399,2398,2389,2546,129,131
12/01/2020-10:35:29.834227-2397,2396,2388,2546,129,131
12/01/2020-10:36:37.207591-2395,2394,2384,2545,127,124
12/01/2020-10:37:44.527974-2391,2391,2383,2545,128,120
12/01/2020-10:38:51.864191-2386,2386,2379,2545,126,104
12/01/2020-10:39:59.177442-2381,2382,2374,2545,128,125
12/01/2020-10:41:06.532144-2378,2377,2370,2544,129,116
12/01/2020-10:42:13.837544-2374,2373,2366,2545,129,116
12/01/2020-10:43:21.172264-2371,2370,2364,2544,129,122
12/01/2020-10:44:28.523328-2367,2365,2360,2544,129,127
12/01/2020-10:45:35.857812-2366,2364,2360,2544,126,130
12/01/2020-10:46:43.176965-2362,2361,2357,2544,129,131
12/01/2020-10:47:50.512325-2358,2357,2353,2544,129,121
12/01/2020-10:48:57.846628-2357,2356,2351,2544,129,129
12/01/2020-10:50:05.198251-2353,2351,2347,2544,125,105
12/01/2020-10:51:12.550460-2350,2351,2345,2544,128,122
12/01/2020-10:52:19.915468-2350,2349,2343,2544,129,131
12/01/2020-10:53:27.287393-2348,2347,2342,2543,130,130
12/01/2020-10:54:34.601024-2345,2343,2341,2544,128,130
12/01/2020-10:55:41.937601-2343,2342,2337,2543,130,121
12/01/2020-10:56:49.280209-2341,2341,2337,2543,128,132
12/01/2020-10:57:56.670136-2336,2336,2333,2543,128,131
12/01/2020-10:59:03.991298-2333,2332,2328,2543,128,127
12/01/2020-11:00:11.342027-2331,2330,2326,2543,129,129
12/01/2020-11:01:18.676923-2333,2332,2327,2543,127,130
12/01/2020-11:02:26.026511-2330,2329,2324,2542,130,121
12/01/2020-11:03:33.418536-2331,2331,2324,2542,129,098
12/01/2020-11:04:40.741082-2330,2328,2323,2542,126,132
12/01/2020-11:05:48.064021-2326,2326,2320,2542,127,124
12/01/2020-11:06:55.431117-2324,2323,2318,2542,126,132
12/01/2020-11:08:02.765647-2324,2323,2318,2542,128,110
12/01/2020-11:09:10.085231-2325,2323,2319,2542,126,129
12/01/2020-11:10:17.435068-2323,2322,2318,2542,125,129
12/01/2020-11:11:24.802368-2317,2316,2313,2542,128,131
12/01/2020-11:12:32.170275-2317,2317,2313,2542,125,130
12/01/2020-11:13:39.488711-2317,2315,2311,2542,126,131
12/01/2020-11:14:46.856578-2317,2316,2312,2541,125,126
12/01/2020-11:15:54.143992-2314,2314,2311,2541,127,111
12/01/2020-11:17:01.478331-2313,2313,2309,2541,126,126
12/01/2020-11:18:08.797858-2312,2312,2309,2541,126,111
12/01/2020-11:19:16.117032-2309,2309,2309,2541,129,133
12/01/2020-11:20:23.467110-2307,2305,2305,2540,129,127
12/01/2020-11:21:30.825538-2305,2304,2303,2540,129,133
12/01/2020-11:22:38.217009-2304,2304,2303,2540,129,133
12/01/2020-11:23:45.535932-2302,2300,2299,2540,126,132
12/01/2020-11:24:52.869301-2301,2300,2299,2540,129,128
12/01/2020-11:26:00.191595-2298,2298,2296,2540,129,112
12/01/2020-11:27:07.525843-2297,2296,2296,2540,124,127
12/01/2020-11:28:14.860753-2296,2295,2294,2540,129,129
12/01/2020-11:29:22.211853-2294,2293,2292,2540,129,093
12/01/2020-11:30:29.578780-2292,2290,2290,2540,128,105
12/01/2020-11:31:36.953835-2292,2290,2290,2539,127,127
12/01/2020-11:32:44.345121-2292,2290,2290,2539,128,120
12/01/2020-11:33:51.696067-2289,2289,2289,2539,126,130
12/01/2020-11:34:59.063458-2287,2286,2285,2539,130,131
12/01/2020-11:36:06.398331-2285,2284,2284,2539,128,094
12/01/2020-11:37:13.740182-2284,2282,2282,2539,126,129
12/01/2020-11:38:21.068002-2282,2281,2281,2539,129,130
12/01/2020-11:39:28.402145-2279,2279,2279,2538,130,132
12/01/2020-11:40:35.769534-2277,2276,2276,2538,128,112
12/01/2020-11:41:43.103419-2276,2275,2275,2538,129,129
12/01/2020-11:42:50.407779-2275,2273,2273,2538,130,132
12/01/2020-11:43:57.719903-2273,2272,2272,2538,128,131
12/01/2020-11:45:05.077843-2269,2268,2269,2538,126,123
12/01/2020-11:46:12.407954-2265,2263,2263,2538,128,119
12/01/2020-11:47:19.747217-2261,2260,2258,2538,127,097
12/01/2020-11:48:27.082612-2265,2263,2260,2538,129,130
12/01/2020-11:49:34.417808-2269,2267,2263,2538,128,126
12/01/2020-11:50:41.765177-2270,2270,2265,2538,124,099
12/01/2020-11:51:49.118973-2272,2271,2266,2538,124,124
12/01/2020-11:52:56.469448-2276,2275,2270,2537,126,122
12/01/2020-11:54:03.804535-2282,2280,2276,2537,124,093
12/01/2020-11:55:11.149352-2280,2280,2280,2538,128,119
12/01/2020-11:56:18.538868-2283,2281,2281,2537,128,123
12/01/2020-11:57:25.873599-2279,2277,2279,2537,126,127
12/01/2020-11:58:33.241074-2279,2278,2277,2537,129,097
12/01/2020-11:59:40.559769-2278,2277,2276,2537,125,121
12/01/2020-12:00:47.863339-2280,2280,2277,2537,125,094
12/01/2020-12:01:55.178387-2280,2280,2276,2536,124,104
12/01/2020-12:03:02.509893-2282,2281,2279,2537,128,132
12/01/2020-12:04:09.851606-2282,2281,2279,2536,125,115
12/01/2020-12:05:17.163946-2283,2281,2278,2536,128,121
12/01/2020-12:06:24.569345-2283,2281,2279,2536,129,124
12/01/2020-12:07:31.967050-2283,2281,2280,2536,128,119
12/01/2020-12:08:39.319938-2279,2279,2276,2536,127,130
12/01/2020-12:09:46.664882-2279,2280,2277,2536,124,110
12/01/2020-12:10:53.997369-2278,2277,2275,2536,127,128
12/01/2020-12:12:01.384512-2276,2276,2272,2535,124,128
12/01/2020-12:13:08.739081-2276,2276,2272,2536,125,107
12/01/2020-12:14:16.042079-2278,2277,2274,2536,124,123
12/01/2020-12:15:23.408352-2278,2277,2275,2535,123,120
12/01/2020-12:16:30.750660-2275,2274,2275,2535,126,131
12/01/2020-12:17:38.107245-2270,2270,2268,2536,127,101
12/01/2020-12:18:45.461278-2269,2268,2266,2535,126,124
12/01/2020-12:19:52.812130-2269,2267,2266,2535,125,099
12/01/2020-12:21:00.147091-2268,2266,2265,2535,124,097
12/01/2020-12:22:07.481768-2266,2266,2262,2534,124,112
12/01/2020-12:23:14.829764-2266,2266,2263,2534,124,107
12/01/2020-12:24:22.135942-2264,2263,2261,2534,124,128
12/01/2020-12:25:29.470772-2258,2256,2257,2534,125,094
12/01/2020-12:26:36.820434-2254,2253,2252,2534,124,130
12/01/2020-12:27:44.143895-2255,2253,2251,2534,125,110
12/01/2020-12:28:51.507788-2254,2252,2251,2534,124,130
12/01/2020-12:29:58.839424-2254,2253,2249,2534,128,105
12/01/2020-12:31:06.191214-2255,2254,2251,2534,126,117
12/01/2020-12:32:13.512646-2251,2252,2249,2534,128,117
12/01/2020-12:33:20.863704-2250,2248,2247,2533,124,114
12/01/2020-12:34:28.213542-2250,2248,2244,2534,124,127
12/01/2020-12:35:35.532643-2409,2402,2493,2533,124,125
12/01/2020-12:36:42.867309-2777,2767,2928,2533,127,123
12/01/2020-12:37:50.234365-3176,3169,3352,2533,124,131
12/01/2020-12:38:57.537365-3537,3530,3701,2533,124,129
12/01/2020-12:40:04.904132-3827,3821,3964,2533,126,130
12/01/2020-12:41:12.222192-4052,4047,4158,2532,125,111
12/01/2020-12:42:19.555126-4222,4219,4300,2532,125,120
12/01/2020-12:43:26.907661-4350,4349,4407,2533,123,110
12/01/2020-12:44:34.227553-4454,4449,4482,2532,125,113
12/01/2020-12:45:41.578741-4530,4528,4546,2533,124,125
12/01/2020-12:46:48.945351-4590,4589,4593,2533,123,116
12/01/2020-12:47:56.280315-4640,4638,4635,2533,124,125
12/01/2020-12:49:03.614975-4683,4682,4668,2533,125,114
12/01/2020-12:50:10.980747-4608,4610,4539,2533,124,114
12/01/2020-12:51:18.332691-4526,4527,4477,2533,124,117
12/01/2020-12:52:25.666833-4204,4207,4099,2534,128,107
12/01/2020-12:53:33.008021-3931,3935,3795,2534,128,117
12/01/2020-12:54:40.370527-3726,3730,3567,2534,129,129
12/01/2020-12:55:47.689000-3581,3585,3400,2535,129,127
12/01/2020-12:56:55.028887-3459,3462,3267,2536,129,132
12/01/2020-12:58:02.359416-3371,3373,3166,2535,127,113
12/01/2020-12:59:09.692287-3299,3299,3088,2536,127,107
12/01/2020-13:00:17.057597-3235,3237,3036,2536,129,128
12/01/2020-13:01:24.393551-3179,3180,2991,2535,126,133
12/01/2020-13:02:31.746482-3130,3131,2960,2536,130,130
12/01/2020-13:03:39.080112-3081,3082,2923,2536,127,113
12/01/2020-13:04:46.416470-3031,3033,2892,2536,129,103
12/01/2020-13:05:53.767640-2987,2988,2862,2536,128,094
12/01/2020-13:07:01.102506-2945,2945,2834,2535,129,129
12/01/2020-13:08:08.452884-2906,2904,2807,2536,129,128
12/01/2020-13:09:15.756136-2869,2867,2777,2536,128,123
12/01/2020-13:10:23.106586-2830,2832,2746,2536,128,133
12/01/2020-13:11:30.425526-2795,2797,2716,2536,129,115
12/01/2020-13:12:37.744376-2764,2762,2690,2536,128,129
12/01/2020-13:13:45.060236-2731,2732,2661,2536,129,133
12/01/2020-13:14:52.381772-2703,2706,2637,2536,125,116
12/01/2020-13:15:59.701016-2678,2680,2615,2536,128,131
12/01/2020-13:17:07.017377-2655,2654,2596,2536,126,133
12/01/2020-13:18:14.370449-2630,2629,2574,2536,126,126
12/01/2020-13:19:21.705786-2611,2610,2558,2536,129,129
12/01/2020-13:20:29.057527-2590,2591,2540,2536,128,132
12/01/2020-13:21:36.407553-2571,2569,2521,2535,129,097
12/01/2020-13:22:43.743572-2551,2551,2504,2536,128,131
12/01/2020-13:23:51.091268-2535,2534,2490,2535,129,130
12/01/2020-13:24:58.428188-2519,2519,2476,2536,127,112
12/01/2020-13:26:05.748405-2504,2504,2465,2536,128,126
12/01/2020-13:27:13.051908-2491,2490,2453,2536,128,126
12/01/2020-13:28:20.402939-2479,2478,2443,2536,128,100
12/01/2020-13:29:27.737773-2468,2466,2434,2536,128,091
12/01/2020-13:30:35.104332-2456,2456,2425,2535,127,099
12/01/2020-13:31:42.384202-2446,2446,2417,2535,125,130
12/01/2020-13:32:49.749788-2436,2435,2410,2535,125,127
12/01/2020-13:33:57.110497-2427,2425,2402,2534,125,097
12/01/2020-13:35:04.453490-2418,2417,2393,2535,125,129
12/01/2020-13:36:11.827108-2409,2409,2385,2534,127,126
12/01/2020-13:37:19.163048-2401,2400,2379,2534,125,128
12/01/2020-13:38:26.530631-2394,2393,2373,2534,127,124
12/01/2020-13:39:33.879235-2387,2387,2366,2534,126,115
12/01/2020-13:40:41.183224-2380,2378,2361,2534,128,128
12/01/2020-13:41:48.567560-2373,2371,2355,2534,129,126
12/01/2020-13:42:55.886647-2365,2364,2349,2534,127,099
12/01/2020-13:44:03.221226-2360,2359,2343,2534,128,127
12/01/2020-13:45:10.556341-2353,2353,2338,2534,126,097
12/01/2020-13:46:17.875406-2348,2347,2333,2534,125,131
12/01/2020-13:47:25.208580-2341,2341,2328,2534,127,129
12/01/2020-13:48:32.538274-2336,2336,2323,2534,128,120
12/01/2020-13:49:39.894265-2331,2331,2318,2534,126,101
12/01/2020-13:50:47.246932-2326,2324,2313,2533,128,130
12/01/2020-13:51:54.581002-2321,2319,2309,2533,129,132
12/01/2020-13:53:01.917272-2318,2318,2306,2533,126,129
12/01/2020-13:54:09.267117-2316,2315,2304,2533,126,129
12/01/2020-13:55:16.587143-2310,2309,2299,2533,127,117
12/01/2020-13:56:23.922823-2299,2300,2288,2533,128,132
12/01/2020-13:57:31.258155-2516,2508,2616,2533,126,127
12/01/2020-13:58:38.556454-2899,2890,3058,2532,129,124
12/01/2020-13:59:45.896083-3296,3287,3466,2532,127,132
12/01/2020-14:00:53.246808-3639,3630,3794,2532,127,104
12/01/2020-14:02:00.581800-3912,3906,4041,2531,123,122
12/01/2020-14:03:07.929233-4120,4117,4218,2531,126,121
12/01/2020-14:04:15.283841-4279,4276,4351,2531,124,116
12/01/2020-14:05:22.603169-4401,4398,4447,2531,124,113
12/01/2020-14:06:29.922281-4495,4489,4520,2531,124,122
12/01/2020-14:07:37.256738-4564,4562,4578,2531,125,116
12/01/2020-14:08:44.607528-4622,4620,4625,2531,124,121
12/01/2020-14:09:51.926309-4670,4668,4662,2532,124,115
12/01/2020-14:10:59.277857-4707,4707,4695,2532,124,117
12/01/2020-14:12:06.626870-4644,4647,4580,2532,125,115
12/01/2020-14:13:13.929965-4562,4565,4520,2532,126,126
12/01/2020-14:14:21.251432-4250,4251,4162,2533,128,123
12/01/2020-14:15:28.602576-3975,3979,3842,2533,128,131
12/01/2020-14:16:35.969550-3771,3775,3605,2533,126,125
12/01/2020-14:17:43.302577-3624,3628,3436,2533,128,108
12/01/2020-14:18:50.623670-3509,3512,3297,2533,125,116
12/01/2020-14:19:57.956592-3418,3419,3201,2534,129,098
12/01/2020-14:21:05.277427-3341,3342,3121,2533,126,111
12/01/2020-14:22:12.619502-3273,3273,3062,2533,126,116
12/01/2020-14:23:19.980834-3217,3217,3020,2534,128,133
12/01/2020-14:24:27.311150-3167,3166,2986,2534,125,132
12/01/2020-14:25:34.642406-3114,3115,2955,2533,128,129
12/01/2020-14:26:42.001566-3066,3067,2924,2534,127,132
12/01/2020-14:27:49.366651-3022,3024,2898,2534,128,120
12/01/2020-14:28:56.702697-2979,2979,2868,2534,130,130
12/01/2020-14:30:04.038711-2942,2942,2841,2533,130,121
12/01/2020-14:31:11.386515-2903,2904,2815,2534,128,126
12/01/2020-14:32:18.708069-2869,2870,2786,2533,127,133
12/01/2020-14:33:26.058616-2836,2836,2759,2534,126,131
12/01/2020-14:34:33.395131-2804,2804,2730,2533,129,130
12/01/2020-14:35:40.730523-2773,2773,2703,2533,129,128
12/01/2020-14:36:48.063087-2743,2741,2678,2534,130,100
12/01/2020-14:37:55.380586-2713,2713,2650,2533,128,133
12/01/2020-14:39:02.719879-2689,2688,2629,2533,129,109
12/01/2020-14:40:10.053342-2666,2666,2610,2533,129,130
12/01/2020-14:41:17.340854-2642,2644,2588,2533,129,105
12/01/2020-14:42:24.708516-2622,2622,2571,2533,130,120
12/01/2020-14:43:32.044845-2604,2604,2556,2533,128,119
12/01/2020-14:44:39.384274-2587,2586,2542,2533,130,101
12/01/2020-14:45:46.745637-2569,2569,2525,2533,127,109
12/01/2020-14:46:54.082113-2555,2555,2513,2533,131,109
12/01/2020-14:48:01.417066-2540,2540,2502,2533,129,124
12/01/2020-14:49:08.764555-2527,2525,2490,2533,129,111
12/01/2020-14:50:16.087362-2514,2515,2481,2533,131,130
12/01/2020-14:51:23.390302-2502,2501,2471,2533,130,121
12/01/2020-14:52:30.723525-2490,2490,2461,2533,130,120
12/01/2020-14:53:38.105037-2480,2480,2452,2533,130,130
12/01/2020-14:54:45.458576-2469,2469,2443,2533,128,110
12/01/2020-14:55:52.809836-2460,2458,2435,2533,128,125
12/01/2020-14:57:00.111873-2449,2449,2425,2533,128,134
12/01/2020-14:58:07.441973-2440,2439,2418,2533,127,113
12/01/2020-14:59:14.818196-2432,2430,2411,2532,131,099
12/01/2020-15:00:22.147807-2424,2421,2406,2532,129,130
12/01/2020-15:01:29.487702-2414,2414,2397,2532,131,133
12/01/2020-15:02:36.803660-2406,2407,2389,2532,130,131
12/01/2020-15:03:44.103829-2401,2400,2384,2532,132,130
12/01/2020-15:04:51.465672-2394,2393,2378,2532,130,130
12/01/2020-15:05:58.838307-2387,2387,2372,2531,129,129
12/01/2020-15:07:06.181496-2381,2380,2367,2531,129,098
12/01/2020-15:08:13.526098-2376,2373,2362,2531,134,134
12/01/2020-15:09:20.846829-2369,2368,2356,2531,133,131
12/01/2020-15:10:28.214099-2363,2362,2350,2531,134,115
12/01/2020-15:11:35.533865-2357,2356,2345,2531,133,127
12/01/2020-15:12:42.852695-2351,2350,2341,2531,132,134
12/01/2020-15:13:50.203826-2345,2345,2336,2531,133,132
12/01/2020-15:14:57.555159-2340,2340,2329,2531,134,134
12/01/2020-15:16:04.866039-2335,2333,2325,2531,132,133
12/01/2020-15:17:12.240592-2330,2328,2319,2531,133,124
12/01/2020-15:18:19.604580-2325,2324,2315,2531,132,133
12/01/2020-15:19:26.941802-2320,2320,2310,2530,131,132
12/01/2020-15:20:34.245883-2316,2315,2306,2530,133,130
12/01/2020-15:21:41.596984-2466,2458,2538,2530,133,125
12/01/2020-15:22:48.909452-2823,2814,2970,2530,133,112
12/01/2020-15:23:56.299460-3224,3216,3392,2529,131,125
12/01/2020-15:25:03.634252-3582,3572,3738,2529,131,131
12/01/2020-15:26:10.952160-3864,3861,3997,2529,131,132
12/01/2020-15:27:18.292711-4086,4080,4188,2529,130,123
12/01/2020-15:28:25.645717-4251,4248,4328,2529,130,121
12/01/2020-15:29:33.005718-4378,4374,4430,2529,130,123
12/01/2020-15:30:40.370683-4474,4472,4509,2529,130,123
12/01/2020-15:31:47.739415-4550,4548,4571,2529,130,123
12/01/2020-15:32:55.050631-4610,4609,4616,2529,130,125
12/01/2020-15:34:02.423724-4657,4656,4655,2529,129,123
12/01/2020-15:35:09.776506-4698,4697,4684,2529,130,128
12/01/2020-15:36:17.125880-4728,4727,4710,2529,130,129
12/01/2020-15:37:24.445880-4705,4708,4655,2529,130,128
12/01/2020-15:38:31.779946-4609,4612,4554,2529,130,128
12/01/2020-15:39:39.131668-4377,4378,4291,2530,131,121
12/01/2020-15:40:46.482841-4079,4081,3967,2531,132,122
12/01/2020-15:41:53.829743-3865,3868,3700,2531,131,117
12/01/2020-15:43:01.168398-3693,3697,3512,2531,132,119
12/01/2020-15:44:08.508829-3584,3585,3379,2531,131,122
12/01/2020-15:45:15.869057-3484,3486,3262,2531,131,134
12/01/2020-15:46:23.236602-3406,3407,3185,2531,133,132
12/01/2020-15:47:30.604419-3329,3330,3120,2531,131,112
12/01/2020-15:48:37.938214-3269,3272,3074,2531,131,120
12/01/2020-15:49:45.289136-3209,3210,3028,2531,130,096
12/01/2020-15:50:52.605225-3150,3152,2990,2531,122,092
12/01/2020-15:51:59.953356-3104,3104,2962,2531,125,129
12/01/2020-15:53:07.293325-3057,3058,2932,2531,124,108
12/01/2020-15:54:14.643992-3014,3015,2898,2531,129,125
12/01/2020-15:55:22.009238-2975,2976,2869,2531,125,128
12/01/2020-15:56:29.311203-2937,2937,2835,2531,126,119
12/01/2020-15:57:36.647900-2895,2896,2803,2531,126,104
12/01/2020-15:58:43.999210-2857,2858,2772,2531,126,130
12/01/2020-15:59:51.322249-2814,2815,2733,2531,128,125
12/01/2020-16:00:58.669405-2776,2778,2700,2531,129,127
12/01/2020-16:02:06.004101-2747,2747,2676,2531,129,133
12/01/2020-16:03:13.339157-2712,2712,2645,2531,128,114
12/01/2020-16:04:20.672895-2688,2688,2623,2531,127,113
12/01/2020-16:05:28.040868-2665,2667,2602,2531,128,096
12/01/2020-16:06:35.381287-2643,2642,2585,2531,129,115
12/01/2020-16:07:42.689591-2620,2620,2563,2530,130,130
12/01/2020-16:08:50.013636-2603,2604,2550,2530,129,123
12/01/2020-16:09:57.348661-2582,2582,2530,2530,129,117
12/01/2020-16:11:04.715371-2566,2566,2518,2530,125,111
12/01/2020-16:12:12.064828-2550,2551,2506,2530,125,131
12/01/2020-16:13:19.416899-2535,2535,2495,2530,128,121
12/01/2020-16:14:26.745928-2520,2520,2484,2530,129,124
12/01/2020-16:15:34.086976-2506,2507,2475,2530,128,121
12/01/2020-16:16:41.430374-2493,2494,2461,2530,130,131
12/01/2020-16:17:48.788703-2486,2484,2457,2530,128,133
12/01/2020-16:18:56.123459-2473,2475,2446,2530,129,132
12/01/2020-16:20:03.490001-2464,2465,2439,2530,129,134
12/01/2020-16:21:10.809151-2456,2456,2433,2529,130,124
12/01/2020-16:22:18.157902-2446,2447,2424,2529,128,122
12/01/2020-16:23:25.494962-2438,2437,2418,2529,128,108
12/01/2020-16:24:32.829678-2431,2429,2412,2529,129,124
12/01/2020-16:25:40.148960-2423,2422,2407,2529,126,116
12/01/2020-16:26:47.499754-2417,2416,2402,2529,129,094
12/01/2020-16:27:54.848883-2410,2410,2394,2529,129,104
12/01/2020-16:29:02.191232-2405,2406,2388,2529,126,131
12/01/2020-16:30:09.531772-2398,2397,2384,2529,128,132
12/01/2020-16:31:16.871476-2390,2389,2377,2529,129,132
12/01/2020-16:32:24.188218-2386,2384,2374,2529,129,104
12/01/2020-16:33:31.526602-2377,2377,2364,2528,129,091
12/01/2020-16:34:38.860423-2369,2369,2357,2527,129,099
12/01/2020-16:35:46.211167-2363,2361,2354,2527,130,130
12/01/2020-16:36:53.544610-2357,2356,2346,2527,129,128
12/01/2020-16:38:00.844655-2400,2396,2434,2527,128,133
12/01/2020-16:39:08.167473-2695,2688,2822,2527,127,121
12/01/2020-16:40:15.497486-3093,3082,3257,2526,129,131
12/01/2020-16:41:22.820633-3468,3459,3631,2526,125,133
12/01/2020-16:42:30.140719-3782,3776,3924,2526,126,111
12/01/2020-16:43:37.459390-4025,4023,4142,2526,125,114
12/01/2020-16:44:44.778765-4208,4206,4296,2526,126,118
12/01/2020-16:45:52.113456-4351,4348,4414,2526,126,127
12/01/2020-16:46:59.431435-4459,4457,4498,2526,124,116
12/01/2020-16:48:06.767476-4541,4540,4564,2526,123,120
12/01/2020-16:49:14.099083-4605,4603,4615,2526,125,123
12/01/2020-16:50:21.420900-4656,4656,4656,2526,125,119
12/01/2020-16:51:28.771885-4698,4698,4690,2526,124,125
12/01/2020-16:52:36.138593-4731,4732,4719,2526,124,119
12/01/2020-16:53:43.435710-4764,4763,4742,2526,124,118
12/01/2020-16:54:50.760551-4701,4707,4635,2526,125,119
12/01/2020-16:55:58.094119-4622,4621,4566,2527,127,126
12/01/2020-16:57:05.462729-4314,4314,4204,2527,127,111
12/01/2020-16:58:12.764520-4023,4027,3866,2527,127,111
12/01/2020-16:59:20.100242-3815,3819,3617,2527,126,110
12/01/2020-17:00:27.405074-3662,3665,3451,2528,128,129
12/01/2020-17:01:34.720989-3550,3552,3317,2528,125,109
12/01/2020-17:02:42.064442-3438,3440,3192,2529,128,131
12/01/2020-17:03:49.423957-3343,3344,3125,2528,128,131
12/01/2020-17:04:56.757705-3303,3304,3097,2528,127,114
12/01/2020-17:06:04.113275-3264,3265,3066,2528,125,130
12/01/2020-17:07:11.439460-3205,3208,3024,2527,126,132
12/01/2020-17:08:18.764520-3147,3147,2982,2528,129,096
12/01/2020-17:09:26.114267-3095,3095,2952,2529,129,127
12/01/2020-17:10:33.480827-3045,3046,2921,2529,125,113
12/01/2020-17:11:40.835789-3003,3003,2892,2528,127,130
12/01/2020-17:12:48.165818-2962,2963,2859,2527,127,131
12/01/2020-17:13:55.502289-2924,2925,2828,2528,128,097
12/01/2020-17:15:02.837242-2881,2882,2793,2527,126,119
12/01/2020-17:16:10.188851-2846,2847,2764,2527,128,103
12/01/2020-17:17:17.518536-2813,2814,2737,2528,126,132
12/01/2020-17:18:24.853748-2782,2783,2712,2527,129,121
12/01/2020-17:19:32.154007-2757,2758,2690,2527,127,130
12/01/2020-17:20:39.544022-2734,2735,2671,2527,127,131
12/01/2020-17:21:46.878792-2708,2707,2647,2527,127,105
12/01/2020-17:22:54.228121-2688,2688,2632,2527,128,098
12/01/2020-17:24:01.564509-2670,2671,2618,2527,126,109
12/01/2020-17:25:08.915066-2651,2653,2603,2527,127,117
12/01/2020-17:26:16.249466-2636,2636,2590,2527,128,130
12/01/2020-17:27:23.616505-2620,2619,2576,2527,127,128
12/01/2020-17:28:30.951409-2603,2602,2562,2527,129,132
12/01/2020-17:29:38.286433-2591,2591,2553,2527,127,117
12/01/2020-17:30:45.653453-2576,2575,2540,2527,129,131
12/01/2020-17:31:52.972235-2564,2564,2529,2527,130,111
12/01/2020-17:33:00.320229-2552,2551,2520,2526,128,131
12/01/2020-17:34:07.658081-2540,2539,2509,2526,126,123
12/01/2020-17:35:14.989029-2528,2528,2499,2526,129,107
12/01/2020-17:36:22.290879-2519,2519,2489,2526,125,114
12/01/2020-17:37:29.646574-2507,2506,2481,2526,128,131
12/01/2020-17:38:36.988928-2511,2507,2508,2526,127,129
12/01/2020-17:39:44.364866-2749,2742,2844,2526,128,133
12/01/2020-17:40:51.746915-3119,3111,3263,2525,126,108
12/01/2020-17:41:59.078739-3488,3482,3640,2525,125,122
12/01/2020-17:43:06.419254-3799,3792,3937,2525,125,116
12/01/2020-17:44:13.737082-4044,4040,4154,2525,126,111
12/01/2020-17:45:21.082828-4233,4228,4316,2524,125,124
12/01/2020-17:46:28.420851-4375,4373,4436,2524,125,126
12/01/2020-17:47:35.785615-4479,4479,4519,2524,124,120
12/01/2020-17:48:43.122426-4561,4561,4585,2524,126,120
12/01/2020-17:49:50.473123-4626,4627,4636,2524,125,119
12/01/2020-17:50:57.808417-4680,4678,4677,2524,125,118
12/01/2020-17:52:05.138499-4719,4719,4709,2525,123,116
12/01/2020-17:53:12.457663-4724,4725,4690,2525,124,119
12/01/2020-17:54:19.772064-4622,4622,4567,2525,123,125
12/01/2020-17:55:27.179774-4437,4439,4359,2525,124,126
12/01/2020-17:56:34.514755-4162,4164,4028,2525,127,117
12/01/2020-17:57:41.848009-3909,3912,3707,2525,126,122
12/01/2020-17:58:49.207342-3711,3715,3477,2526,127,127
12/01/2020-17:59:56.582984-3592,3594,3349,2526,128,122
12/01/2020-18:01:03.934191-3490,3493,3243,2526,127,128
12/01/2020-18:02:11.269085-3407,3408,3160,2526,125,128
12/01/2020-18:03:18.619603-3309,3312,3074,2526,126,128
12/01/2020-18:04:25.938623-3248,3249,3019,2526,127,105
12/01/2020-18:05:33.254118-3193,3193,2978,2526,127,103
12/01/2020-18:06:40.604821-3143,3144,2944,2526,126,110
12/01/2020-18:07:47.942421-3091,3091,2912,2526,125,111
12/01/2020-18:08:55.276247-3043,3043,2878,2525,125,112
12/01/2020-18:10:02.591620-3003,3004,2858,2525,126,124
12/01/2020-18:11:09.944742-2963,2963,2828,2525,129,131
12/01/2020-18:12:17.262274-2925,2926,2798,2525,126,104
12/01/2020-18:13:24.614878-2885,2886,2777,2525,129,132
12/01/2020-18:14:31.933442-2843,2843,2750,2525,129,109
12/01/2020-18:15:39.269805-2812,2812,2728,2525,126,121
12/01/2020-18:16:46.621696-2782,2783,2707,2525,128,124
12/01/2020-18:17:53.939140-2758,2759,2689,2525,131,120
12/01/2020-18:19:01.258120-2736,2736,2672,2525,130,129
12/01/2020-18:20:08.594861-2717,2718,2656,2525,126,129
12/01/2020-18:21:15.929565-2697,2697,2639,2525,129,132
12/01/2020-18:22:23.310800-2679,2679,2628,2525,126,116
12/01/2020-18:23:30.710586-2662,2663,2613,2524,130,118
12/01/2020-18:24:38.061847-2647,2646,2601,2524,129,107
12/01/2020-18:25:45.412653-2632,2632,2587,2524,128,133
12/01/2020-18:26:52.761648-2618,2619,2576,2524,128,129
12/01/2020-18:28:00.143732-2605,2604,2563,2524,129,134
12/01/2020-18:29:07.496207-2593,2593,2554,2524,129,115
12/01/2020-18:30:14.814246-2582,2582,2545,2524,128,118
12/01/2020-18:31:22.182326-2571,2569,2538,2523,130,110
12/01/2020-18:32:29.516131-2560,2559,2527,2523,130,134
12/01/2020-18:33:36.851373-2546,2546,2516,2523,131,131
12/01/2020-18:34:44.185607-2537,2536,2508,2523,131,111
12/01/2020-18:35:51.551720-2569,2566,2587,2523,130,135
12/01/2020-18:36:58.935603-2850,2843,2958,2523,130,129
12/01/2020-18:38:06.252706-3224,3216,3373,2522,128,131
12/01/2020-18:39:13.588754-3583,3571,3726,2522,129,124
12/01/2020-18:40:20.938493-3875,3868,4002,2522,127,128
12/01/2020-18:41:28.258759-4105,4100,4208,2522,128,115
12/01/2020-18:42:35.561669-4279,4274,4353,2522,128,126
12/01/2020-18:43:42.896581-4409,4406,4465,2522,125,119
12/01/2020-18:44:50.246708-4510,4507,4544,2522,126,125
12/01/2020-18:45:57.534599-4586,4586,4607,2522,126,123
12/01/2020-18:47:04.873638-4646,4647,4655,2522,124,124
12/01/2020-18:48:12.237075-4695,4694,4692,2522,125,116
12/01/2020-18:49:19.540300-4723,4724,4707,2522,124,115
12/01/2020-18:50:26.890143-4613,4616,4537,2522,125,123
12/01/2020-18:51:34.210368-4519,4521,4447,2522,125,114
12/01/2020-18:52:41.528736-4243,4244,4108,2522,125,125
12/01/2020-18:53:48.894514-4026,4025,3820,2523,126,120
12/01/2020-18:54:56.231667-3845,3849,3618,2523,126,122
12/01/2020-18:56:03.550257-3725,3727,3471,2523,125,127
12/01/2020-18:57:10.853538-3616,3620,3368,2523,125,127
12/01/2020-18:58:18.188564-3521,3522,3265,2523,128,129
12/01/2020-18:59:25.542444-3430,3431,3185,2523,125,130
12/01/2020-19:00:32.874538-3345,3348,3121,2523,128,131
12/01/2020-19:01:40.241464-3272,3273,3064,2523,127,125
12/01/2020-19:02:47.560148-3205,3206,3016,2523,126,122
12/01/2020-19:03:54.911346-3150,3150,2973,2523,126,131
12/01/2020-19:05:02.246136-3093,3094,2931,2523,125,099
12/01/2020-19:06:09.564356-3041,3041,2892,2523,126,129
12/01/2020-19:07:16.907035-2996,2997,2862,2522,129,100
12/01/2020-19:08:24.247008-2949,2950,2834,2522,128,132
12/01/2020-19:09:31.585620-2907,2908,2805,2523,128,127
12/01/2020-19:10:38.898634-2872,2873,2777,2522,127,114
12/01/2020-19:11:46.266376-2843,2844,2755,2522,129,130
12/01/2020-19:12:53.637257-2813,2813,2733,2522,126,098
12/01/2020-19:14:00.972006-2787,2787,2713,2522,128,131
12/01/2020-19:15:08.322533-2763,2763,2694,2522,129,109
12/01/2020-19:16:15.657870-2740,2741,2677,2522,128,126
12/01/2020-19:17:22.993979-2721,2721,2660,2522,128,131
12/01/2020-19:18:30.359393-2702,2702,2646,2522,129,104
12/01/2020-19:19:37.692217-2684,2685,2631,2522,126,094
12/01/2020-19:20:45.012748-2666,2666,2618,2520,129,098
12/01/2020-19:21:52.363279-2652,2652,2606,2521,126,104
12/01/2020-19:22:59.730181-2637,2637,2593,2520,129,116
12/01/2020-19:24:07.067280-2623,2622,2582,2520,128,131
12/01/2020-19:25:14.361706-2608,2609,2570,2521,128,115
12/01/2020-19:26:21.689732-2594,2593,2557,2520,130,122
12/01/2020-19:27:28.989104-2581,2581,2547,2520,131,133
12/01/2020-19:28:36.338175-2571,2569,2539,2520,129,129
12/01/2020-19:41:28.177792-2500,2499,2477,2519,128,127
12/01/2020-19:47:34.675194-4626,4626,4636,2518,125,121
12/01/2020-19:48:42.041813-4677,4677,4679,2518,124,124
12/01/2020-19:49:49.407631-4637,4641,4586,2518,124,124
12/01/2020-19:50:56.740996-4561,4562,4518,2518,126,116
12/01/2020-19:52:04.076725-4300,4302,4238,2518,124,127
12/01/2020-19:53:11.445205-4041,4044,3895,2519,127,123
12/01/2020-19:54:18.794595-3835,3838,3635,2519,127,124
12/01/2020-19:55:26.138514-3691,3693,3458,2519,126,113
12/01/2020-19:56:33.504428-3571,3572,3331,2519,126,122
12/01/2020-19:57:40.818182-3474,3475,3224,2519,126,121
12/01/2020-19:58:48.168949-3382,3381,3133,2519,128,123
12/01/2020-19:59:55.518476-3297,3298,3058,2519,128,108
12/01/2020-20:01:02.871848-3233,3235,3009,2519,128,110
12/01/2020-20:02:10.189870-3168,3169,2965,2518,126,123
12/01/2020-20:03:17.525389-3115,3116,2935,2518,128,129
12/01/2020-20:04:24.845040-3062,3063,2897,2518,125,123
12/01/2020-20:05:32.207169-3014,3013,2862,2518,129,092
12/01/2020-20:06:39.546781-2958,2959,2826,2518,129,133
12/01/2020-20:07:46.880868-2911,2912,2796,2518,129,132
12/01/2020-20:08:54.248423-2880,2879,2773,2518,129,125
12/01/2020-20:10:01.616216-2847,2847,2751,2518,128,128
12/01/2020-20:11:08.981936-2813,2814,2726,2518,126,125
12/01/2020-20:12:16.299223-2787,2787,2708,2518,126,125
12/01/2020-20:13:23.635669-2763,2763,2691,2518,128,124
12/01/2020-20:14:31.017765-2739,2741,2673,2518,129,123
12/01/2020-20:15:38.353324-2715,2716,2655,2518,130,129
12/01/2020-20:16:45.720333-2697,2698,2639,2518,126,131
12/01/2020-20:17:53.104009-2682,2681,2628,2518,126,098
12/01/2020-20:19:00.470282-2665,2664,2615,2518,128,117
12/01/2020-20:20:07.804254-2647,2645,2602,2518,128,123
12/01/2020-20:21:15.138770-2633,2633,2588,2517,128,127
12/01/2020-20:22:22.475809-2620,2620,2579,2518,128,128
12/01/2020-20:23:29.837621-2606,2606,2566,2517,128,107
12/01/2020-20:24:37.192373-2594,2593,2556,2517,128,127
12/01/2020-20:25:44.544111-2580,2579,2545,2517,127,115
12/01/2020-20:26:51.895314-2567,2566,2534,2517,126,131
12/01/2020-20:27:59.262651-2555,2555,2524,2517,126,103
12/01/2020-20:29:06.661129-2545,2543,2513,2517,127,109
12/01/2020-20:30:14.043414-2536,2534,2507,2517,128,106
12/01/2020-20:31:21.377927-2523,2524,2495,2516,126,106
12/01/2020-20:32:28.761156-2513,2514,2488,2516,129,118
12/01/2020-20:33:36.144278-2504,2502,2480,2516,129,103
12/01/2020-20:34:43.495704-2495,2496,2472,2516,126,126
12/01/2020-20:35:50.847655-2487,2485,2465,2516,126,119
12/01/2020-20:36:58.229287-2478,2476,2456,2516,127,127
12/01/2020-20:38:05.627967-2561,2556,2603,2516,127,106
12/01/2020-20:39:12.962599-2880,2873,3004,2516,127,130
12/01/2020-20:40:20.314532-3268,3260,3422,2515,125,130
12/01/2020-20:41:27.664847-3619,3614,3769,2514,127,127
12/01/2020-20:42:35.031779-3904,3901,4033,2514,126,126
12/01/2020-20:43:42.381934-4126,4121,4224,2514,126,127
12/01/2020-20:44:49.750203-4291,4290,4367,2514,126,115
12/01/2020-20:45:57.116811-4420,4417,4471,2514,127,125
12/01/2020-20:47:04.499527-4520,4517,4551,2514,127,122
12/01/2020-20:48:11.881458-4595,4593,4611,2514,125,117
12/01/2020-20:49:19.232673-4652,4650,4659,2514,125,122
12/01/2020-20:50:26.584925-4700,4698,4695,2514,125,123
12/01/2020-20:51:33.967202-4725,4728,4707,2514,124,124
12/01/2020-20:52:41.302106-4619,4620,4544,2514,125,118
12/01/2020-20:53:48.668753-4506,4510,4439,2515,127,118
12/01/2020-20:54:56.035240-4199,4201,4063,2515,126,116
12/01/2020-20:56:03.419815-3957,3960,3770,2516,128,111
12/01/2020-20:57:10.802167-3780,3786,3558,2516,127,111
12/01/2020-20:58:18.184369-3642,3644,3392,2516,126,130
12/01/2020-20:59:25.568539-3528,3532,3268,2516,129,126
12/01/2020-21:00:32.919154-3434,3436,3167,2516,128,119
12/01/2020-21:01:40.286212-3361,3364,3099,2516,127,104
12/01/2020-21:02:47.668009-3284,3285,3037,2516,128,129
12/01/2020-21:03:55.034833-3222,3224,2990,2516,126,110
12/01/2020-21:05:02.371110-3163,3162,2951,2516,128,131
12/01/2020-21:06:09.721865-3102,3103,2909,2516,129,111
12/01/2020-21:07:17.120625-3045,3046,2866,2515,129,113
12/01/2020-21:08:24.455786-2994,2996,2832,2515,130,127
12/01/2020-21:09:31.822417-2945,2945,2803,2515,129,132
12/01/2020-21:10:39.188808-2899,2900,2777,2515,127,128
12/01/2020-21:11:46.540080-2859,2860,2754,2515,128,131
12/01/2020-21:12:53.906339-2829,2830,2734,2515,128,117
12/01/2020-21:14:01.257827-2804,2804,2716,2515,129,130
12/01/2020-21:15:08.624922-2778,2778,2699,2515,128,128
12/01/2020-21:16:15.959512-2755,2755,2682,2515,128,105
12/01/2020-21:17:23.311200-2734,2733,2664,2514,126,104
12/01/2020-21:18:30.693524-2760,2757,2749,2514,130,108
12/01/2020-21:19:38.060795-3032,3025,3114,2514,127,111
12/01/2020-21:20:45.427892-3383,3376,3509,2514,128,117
12/01/2020-21:21:52.795709-3715,3708,3843,2514,129,127
12/01/2020-21:23:00.145374-3985,3979,4095,2514,128,128
12/01/2020-21:24:07.513049-4191,4188,4280,2513,128,116
12/01/2020-21:25:14.880000-4351,4348,4416,2513,126,126
12/01/2020-21:26:22.230302-4472,4470,4516,2513,125,127
12/01/2020-21:27:29.566760-4561,4559,4588,2513,127,122
12/01/2020-21:28:36.917260-4633,4631,4646,2513,127,123
12/01/2020-21:29:44.267822-4690,4688,4691,2513,126,119
12/01/2020-21:30:51.618626-4732,4732,4726,2514,124,117
12/01/2020-21:31:58.968943-4769,4769,4756,2514,126,126
12/01/2020-21:33:06.336581-4797,4796,4777,2514,124,124
12/01/2020-21:34:13.686640-4822,4823,4798,2514,124,124
12/01/2020-21:35:21.055150-4842,4842,4815,2514,124,117
12/01/2020-21:36:28.438063-4861,4862,4832,2514,126,117
12/01/2020-21:37:35.806028-4876,4876,4847,2514,126,124
12/01/2020-21:38:43.172713-4891,4892,4857,2514,126,119
12/01/2020-21:39:50.539493-4904,4905,4868,2514,126,117
12/01/2020-21:40:57.907590-4915,4916,4878,2514,126,125
12/01/2020-21:42:05.243172-4868,4871,4798,2514,126,124
12/01/2020-21:43:12.592400-4777,4779,4707,2514,127,120
12/01/2020-21:44:19.944771-4560,4563,4435,2515,127,115
12/01/2020-21:45:27.295450-4286,4291,4085,2516,128,127
12/01/2020-21:46:34.678659-4052,4056,3794,2516,128,129
12/01/2020-21:47:42.028818-3875,3877,3589,2516,128,130
12/01/2020-21:48:49.363722-3763,3760,3469,2516,128,129
12/01/2020-21:49:56.716097-3666,3668,3365,2516,128,122
12/01/2020-21:51:04.115211-3561,3563,3261,2516,129,112
12/01/2020-21:52:11.481580-3486,3486,3197,2516,129,130
12/01/2020-21:53:18.832996-3418,3419,3143,2516,127,107
12/01/2020-21:54:26.214965-3349,3352,3101,2516,130,128
12/01/2020-21:55:33.582543-3283,3285,3048,2516,127,130
12/01/2020-21:56:40.950195-3225,3226,3019,2516,128,127
12/01/2020-21:57:48.301548-3176,3177,2984,2516,129,112
12/01/2020-21:58:55.636819-3126,3127,2956,2516,129,123
12/01/2020-22:00:02.988193-3083,3084,2926,2516,128,131
12/01/2020-22:01:10.354423-3044,3043,2903,2515,130,123
12/01/2020-22:02:17.721670-3010,3010,2880,2515,129,115
12/01/2020-22:03:25.105054-2979,2980,2858,2515,130,129
12/01/2020-22:04:32.472172-2940,2940,2853,2515,129,121
12/01/2020-22:05:39.839789-3118,3111,3147,2515,128,123
12/01/2020-22:06:47.222494-3431,3425,3529,2514,130,128
12/01/2020-22:07:54.589294-3759,3749,3866,2514,127,112
12/01/2020-22:09:01.957087-4030,4024,4133,2514,128,114
12/01/2020-22:10:09.340137-4247,4242,4331,2514,127,114
12/01/2020-22:11:16.706757-4410,4407,4473,2514,127,117
12/01/2020-22:12:24.057432-4533,4528,4576,2514,128,116
12/01/2020-22:13:31.442062-4624,4623,4652,2514,127,124
12/01/2020-22:14:38.823102-4694,4695,4710,2514,125,123
12/01/2020-22:15:46.158760-4749,4749,4754,2514,127,122
12/01/2020-22:16:53.541389-4792,4793,4790,2514,126,121
12/01/2020-22:18:00.909336-4831,4829,4815,2514,126,118
12/01/2020-22:19:08.291117-4858,4858,4841,2514,124,124
12/01/2020-22:20:15.657500-4884,4884,4860,2514,125,124
12/01/2020-22:21:23.041706-4902,4902,4876,2514,125,120
12/01/2020-22:22:30.376831-4921,4921,4890,2514,125,125
12/01/2020-22:23:37.726922-4935,4936,4904,2514,125,117
12/01/2020-22:24:45.078980-4852,4858,4777,2514,125,123
12/01/2020-22:25:52.431213-4772,4773,4696,2514,127,123
12/01/2020-22:26:59.781401-4482,4487,4335,2515,126,120
12/01/2020-22:28:07.133594-4202,4206,3984,2515,129,122
12/01/2020-22:29:14.500206-4007,4010,3753,2516,129,111
12/01/2020-22:30:21.867663-3865,3869,3579,2516,128,125
12/01/2020-22:31:29.203065-3736,3738,3452,2516,129,105
12/01/2020-22:32:36.586673-3644,3644,3356,2516,128,127
12/01/2020-22:33:43.954263-3577,3578,3288,2516,126,120
12/01/2020-22:34:51.304947-3507,3509,3229,2515,128,127
12/01/2020-22:35:58.688357-3438,3438,3176,2516,127,127
12/01/2020-22:37:06.071369-3371,3372,3128,2515,126,107
12/01/2020-22:38:13.422620-3311,3312,3091,2516,135,123
12/01/2020-22:39:20.806069-3256,3257,3056,2516,134,114
12/01/2020-22:40:28.157960-3203,3202,3019,2515,135,140
12/01/2020-22:41:35.508880-3158,3157,2;92,2515,133,140, CRC_ERR
12/01/2020-22:42:42.859914-3115,3115,2970,2515,133,140
12/01/2020-22:43:50.258506-3081,3080,2948,2515,133,139
12/01/2020-22:44:57.626214-3048,3047,2922,2515,133,138
12/01/2020-22:46:04.978077-3015,3016,2902,2515,135,123
12/01/2020-22:47:12.329237-2986,2987,2883,2515,135,138
12/01/2020-22:48:19.664644-2957,2958,2863,2514,136,140
12/01/2020-22:49:26.999713-2931,2930,2847,2514,133,099
12/01/2020-22:50:34.382241-2908,2908,2833,2514,135,129
12/01/2020-22:51:41.748574-2889,2888,2820,2514,133,122
12/01/2020-22:52:49.148586-2870,2870,2808,2514,135,130
12/01/2020-22:53:56.532033-2902,2899,2898,2514,134,117
12/01/2020-22:55:03.898566-3166,3160,3249,2514,133,139
12/01/2020-22:56:11.282288-3510,3502,3630,2514,133,139
12/01/2020-22:57:18.664915-3827,3820,3953,2513,133,113
12/01/2020-22:58:26.030762-4091,4085,4197,2513,135,111
12/01/2020-22:59:33.415104-4295,4291,4378,2513,132,124
12/01/2020-23:00:40.798468-4447,4444,4509,2513,132,134
12/01/2020-23:01:48.164138-4564,4561,4606,2513,131,128
12/01/2020-23:02:55.531905-4650,4650,4676,2513,131,132
12/01/2020-23:04:02.899552-4718,4717,4731,2513,132,130
12/01/2020-23:05:10.267504-4770,4771,4774,2513,132,127
12/01/2020-23:06:17.617012-4815,4815,4808,2513,132,131
12/01/2020-23:07:24.986022-4848,4848,4834,2513,132,126
12/01/2020-23:08:32.336633-4875,4876,4858,2513,131,128
12/01/2020-23:09:39.720742-4901,4901,4877,2513,131,125
12/01/2020-23:10:47.071028-4920,4919,4893,2513,130,130
12/01/2020-23:11:54.437821-4846,4849,4775,2513,131,128
12/01/2020-23:13:01.822104-4770,4771,4695,2513,131,132
12/01/2020-23:14:09.189028-4462,4464,4324,2514,132,135
12/01/2020-23:15:16.538564-4188,4194,4009,2514,133,129
12/01/2020-23:16:23.876393-3975,3979,3758,2514,135,122
12/01/2020-23:17:31.259061-3828,3833,3559,2514,135,137
12/01/2020-23:18:38.642587-3722,3724,3442,2514,135,139
12/01/2020-23:19:46.024739-3617,3617,3327,2514,132,111
12/01/2020-23:20:53.360001-3535,3537,3253,2514,135,140
12/01/2020-23:22:00.711526-3459,3460,3176,2514,135,133
12/01/2020-23:23:08.078641-3388,3389,3121,2514,133,117
12/01/2020-23:24:15.445104-3321,3321,3072,2514,136,089
12/01/2020-23:25:22.813123-3261,3263,3031,2514,135,137
