12/01/2020-00:22:34.863495-2302,2301,2320,2666,136,128
12/01/2020-00:23:42.216367-2268,2268,2291,2667,131,124
12/01/2020-00:24:49.599279-2232,2230,2254,2666,135,123
12/01/2020-00:25:56.966582-2208,2207,2230,2667,134,127
12/01/2020-00:27:04.349483-2191,2191,2211,2666,132,124
12/01/2020-00:28:11.668504-2184,2184,2199,2667,131,123
12/01/2020-00:29:19.019437-2174,2173,2191,2667,135,124
12/01/2020-00:30:26.369781-2169,2168,2183,2666,132,125
12/01/2020-00:31:33.738352-2162,2161,2177,2666,134,125
12/01/2020-00:32:41.104808-2156,2154,2173,2666,136,124
12/01/2020-00:33:48.471499-2222,2221,2247,2666,129,123
12/01/2020-00:34:55.839181-2271,2270,2297,2666,130,121
12/01/2020-00:36:03.223427-2297,2295,2326,2666,131,121
12/01/2020-00:37:10.606507-2312,2310,2335,2666,131,121
12/01/2020-00:38:17.988602-2316,2315,2339,2666,131,122
12/01/2020-00:39:25.356873-2313,2313,2351,2666,129,123
12/01/2020-00:40:32.723163-2313,2313,2353,2666,131,121
12/01/2020-00:41:40.089465-2320,2319,2347,2666,130,122
12/01/2020-00:42:47.457080-2321,2321,2341,2666,131,123
12/01/2020-00:43:54.839445-2323,2322,2342,2666,132,124
12/01/2020-00:45:02.206624-2323,2323,2367,2666,132,123
12/01/2020-00:46:09.574077-2351,2351,2398,2666,132,123
12/01/2020-00:47:16.955968-2378,2378,2430,2666,132,123
12/01/2020-00:48:24.355187-2399,2398,2455,2666,129,122
12/01/2020-00:49:31.721522-2419,2418,2480,2666,131,124
12/01/2020-00:50:39.088298-2427,2425,2490,2666,129,124
12/01/2020-00:51:46.454025-2438,2437,2505,2666,129,121
12/01/2020-00:52:53.822112-2472,2471,2537,2666,129,123
12/01/2020-00:54:01.189255-2473,2472,2544,2666,132,122
12/01/2020-00:55:08.524333-2482,2480,2554,2666,131,124
12/01/2020-00:56:15.875283-2485,2486,2558,2667,132,121
12/01/2020-00:57:23.242910-2483,2482,2553,2667,128,121
12/01/2020-00:58:30.592816-2485,2484,2559,2667,130,120
12/01/2020-00:59:37.959880-2497,2496,2570,2667,132,121
12/01/2020-01:00:45.311907-2497,2496,2571,2667,130,121
12/01/2020-01:01:52.662965-2491,2492,2567,2667,132,121
12/01/2020-01:03:00.028516-2505,2505,2579,2667,130,121
12/01/2020-01:04:07.397559-2512,2510,2583,2667,128,122
12/01/2020-01:05:14.748029-2510,2509,2580,2667,130,122
12/01/2020-01:06:22.115679-2503,2501,2554,2668,131,123
12/01/2020-01:07:29.498531-2490,2488,2526,2668,132,122
12/01/2020-01:08:36.865177-2476,2476,2513,2668,131,123
12/01/2020-01:09:44.201078-2465,2464,2500,2668,130,121
12/01/2020-01:10:51.535275-2451,2451,2491,2668,131,122
12/01/2020-01:11:58.902971-2445,2444,2485,2668,130,121
12/01/2020-01:13:06.252788-2438,2438,2480,2669,128,120
12/01/2020-01:14:13.620803-2432,2432,2475,2669,128,121
12/01/2020-01:15:20.971801-2425,2425,2468,2669,130,123
12/01/2020-01:16:28.339532-2423,2423,2464,2669,128,121
12/01/2020-01:17:35.690208-2418,2418,2459,2669,129,121
12/01/2020-01:18:43.040901-2414,2414,2456,2669,128,122
12/01/2020-01:19:50.424741-2410,2410,2454,2669,131,121
12/01/2020-01:20:57.791285-2408,2406,2452,2669,131,121
12/01/2020-01:22:05.159500-2406,2406,2451,2669,131,121
12/01/2020-01:23:12.525529-2402,2401,2446,2669,130,122
12/01/2020-01:24:19.878082-2400,2399,2443,2669,129,124
12/01/2020-01:25:27.229485-2396,2396,2439,2670,129,124
12/01/2020-01:26:34.611772-2394,2393,2436,2669,132,122
12/01/2020-01:27:41.980149-2392,2391,2436,2669,130,123
12/01/2020-01:28:49.347056-2391,2391,2434,2669,132,123
12/01/2020-01:29:56.698853-2389,2387,2434,2669,129,124
12/01/2020-01:31:04.049818-2386,2386,2430,2670,129,124
12/01/2020-01:32:11.416900-2385,2383,2429,2670,130,121
12/01/2020-01:33:18.783428-2378,2377,2425,2670,132,123
12/01/2020-01:34:26.150856-2380,2378,2422,2669,129,123
12/01/2020-01:35:33.517980-2377,2375,2421,2670,130,124
12/01/2020-01:36:40.885622-2373,2373,2418,2670,131,122
12/01/2020-01:37:48.236711-2372,2372,2421,2670,129,122
12/01/2020-01:38:55.604080-2395,2393,2443,2670,130,121
12/01/2020-01:40:02.970527-2423,2423,2472,2670,130,121
12/01/2020-01:41:10.321834-2449,2448,2502,2670,129,122
12/01/2020-01:42:17.689444-2477,2478,2536,2670,129,122
12/01/2020-01:43:25.040122-2491,2491,2554,2670,131,123
12/01/2020-01:44:32.390759-2512,2510,2577,2670,129,123
12/01/2020-01:45:39.758308-2522,2519,2590,2670,130,122
12/01/2020-01:46:47.125131-2526,2524,2595,2670,130,123
12/01/2020-01:47:54.492461-2523,2522,2598,2670,130,122
12/01/2020-01:49:01.827007-2527,2527,2601,2670,131,122
12/01/2020-01:50:09.209000-2517,2516,2593,2671,131,122
12/01/2020-01:51:16.576396-2531,2530,2606,2671,130,124
12/01/2020-01:52:23.928028-2536,2536,2611,2670,131,122
12/01/2020-01:53:31.325340-2539,2537,2616,2670,128,122
12/01/2020-01:54:38.693105-2566,2564,2638,2671,130,121
12/01/2020-01:55:46.028824-2555,2555,2635,2671,132,122
12/01/2020-01:56:53.395482-2560,2559,2633,2672,131,123
12/01/2020-01:58:00.747563-2551,2550,2606,2671,129,124
12/01/2020-01:59:08.144855-2537,2537,2576,2672,132,122
12/01/2020-02:00:15.544109-2524,2523,2556,2672,132,124
12/01/2020-02:01:22.897035-2508,2506,2546,2672,131,123
12/01/2020-02:02:30.263875-2497,2497,2534,2672,129,123
12/01/2020-02:03:37.615098-2486,2486,2529,2671,131,122
12/01/2020-02:04:44.982825-2478,2478,2521,2672,129,121
12/01/2020-02:05:52.365561-2470,2469,2513,2673,131,125
12/01/2020-02:06:59.732350-2465,2464,2508,2672,130,121
12/01/2020-02:08:07.068312-2456,2455,2504,2672,131,122
12/01/2020-02:09:14.419766-2454,2453,2499,2673,129,124
12/01/2020-02:10:21.755683-2451,2450,2494,2673,130,124
12/01/2020-02:11:29.105819-2447,2447,2494,2673,131,124
12/01/2020-02:12:36.472641-2449,2447,2493,2673,130,124
12/01/2020-02:13:43.825991-2446,2445,2490,2673,132,121
12/01/2020-02:14:51.176706-2441,2439,2485,2673,132,122
12/01/2020-02:15:58.511990-2436,2436,2482,2672,129,124
12/01/2020-02:17:05.864023-2434,2434,2480,2673,132,123
12/01/2020-02:18:13.230705-2428,2428,2475,2673,132,122
12/01/2020-02:19:20.582399-2424,2424,2472,2673,130,124
12/01/2020-02:20:27.948987-2427,2427,2471,2673,133,123
12/01/2020-02:21:35.299842-2424,2423,2470,2673,133,123
12/01/2020-02:22:42.667648-2418,2418,2466,2673,129,124
12/01/2020-02:23:50.050328-2414,2415,2461,2673,132,123
12/01/2020-02:24:57.403015-2413,2413,2459,2673,130,124
12/01/2020-02:26:04.785776-2411,2410,2457,2673,131,122
12/01/2020-02:27:12.184042-2406,2406,2453,2673,130,122
12/01/2020-02:28:19.552960-2404,2403,2450,2672,132,122
12/01/2020-02:29:26.920319-2401,2401,2449,2673,131,124
12/01/2020-02:30:34.286937-2405,2405,2448,2673,132,122
12/01/2020-02:31:41.638389-2403,2402,2447,2673,130,121
12/01/2020-02:32:48.990176-2399,2398,2444,2673,132,122
12/01/2020-02:33:56.374068-2394,2393,2440,2673,131,122
12/01/2020-02:35:03.724388-2395,2393,2439,2672,131,121
12/01/2020-02:36:11.107609-2391,2389,2436,2673,130,124
12/01/2020-02:37:18.474896-2383,2383,2430,2673,131,123
12/01/2020-02:38:25.826391-2378,2378,2422,2672,132,123
12/01/2020-02:39:33.177141-2390,2388,2434,2672,132,124
12/01/2020-02:40:40.543123-2420,2421,2466,2673,132,124
12/01/2020-02:41:47.911890-2449,2448,2498,2673,131,123
12/01/2020-02:42:55.262896-2483,2483,2537,2673,130,123
12/01/2020-02:44:02.629427-2501,2500,2561,2673,132,123
12/01/2020-02:45:09.997330-2524,2523,2584,2673,131,123
12/01/2020-02:46:17.365510-2536,2536,2601,2673,129,123
12/01/2020-02:47:24.701024-2545,2545,2612,2672,132,124
12/01/2020-02:48:32.020962-2544,2542,2615,2673,129,123
12/01/2020-02:49:39.339891-2549,2547,2621,2672,129,121
12/01/2020-02:50:46.675372-2548,2547,2624,2672,130,124
12/01/2020-02:51:54.042677-2571,2569,2641,2673,131,122
12/01/2020-02:53:01.426107-2567,2567,2642,2673,131,121
12/01/2020-02:54:08.793323-2585,2585,2661,2673,129,121
12/01/2020-02:55:16.160853-2584,2582,2660,2672,132,124
12/01/2020-02:56:23.512062-2582,2581,2656,2673,131,123
12/01/2020-02:57:30.895292-2568,2567,2636,2673,128,123
12/01/2020-02:58:38.278392-2559,2559,2599,2673,130,123
12/01/2020-02:59:45.614220-2542,2541,2580,2673,130,123
12/01/2020-03:00:52.949669-2524,2523,2561,2674,130,122
12/01/2020-03:02:00.349020-2512,2511,2552,2674,129,122
12/01/2020-03:03:07.732371-2500,2499,2541,2674,130,125
12/01/2020-03:04:15.100508-2492,2492,2537,2674,131,119
12/01/2020-03:05:22.428583-2485,2484,2528,2674,121,116
12/01/2020-03:06:29.786527-2479,2478,2522,2674,125,115
12/01/2020-03:07:37.118005-2472,2470,2516,2674,124,116
12/01/2020-03:08:44.443691-2466,2466,2511,2674,120,118
12/01/2020-03:09:51.766555-2463,2461,2507,2674,121,118
12/01/2020-03:10:59.131108-2460,2460,2504,2674,124,114
12/01/2020-03:12:06.495370-2454,2453,2500,2674,122,118
12/01/2020-03:13:13.824096-2451,2452,2496,2674,125,115
12/01/2020-03:14:21.121365-2447,2446,2491,2674,122,116
12/01/2020-03:15:28.500768-2444,2443,2489,2674,124,116
12/01/2020-03:16:35.837071-2444,2443,2489,2674,125,116
12/01/2020-03:17:43.172289-2441,2439,2486,2674,124,115
12/01/2020-03:18:50.507880-2436,2434,2481,2674,125,115
12/01/2020-03:19:57.859151-2429,2429,2476,2674,124,114
12/01/2020-03:21:05.209585-2431,2429,2472,2674,123,116
12/01/2020-03:22:12.592965-2427,2426,2471,2674,122,117
12/01/2020-03:23:19.959471-2425,2425,2470,2674,125,115
12/01/2020-03:24:27.260417-2424,2424,2466,2674,124,117
12/01/2020-03:25:34.559326-2419,2418,2464,2674,124,116
12/01/2020-03:26:41.920254-2417,2417,2462,2674,124,115
12/01/2020-03:27:49.290201-2415,2415,2460,2674,125,118
12/01/2020-03:28:56.670298-2415,2414,2458,2674,123,114
12/01/2020-03:30:03.974150-2413,2411,2457,2674,122,114
12/01/2020-03:31:11.323327-2410,2409,2454,2674,125,115
12/01/2020-03:32:18.702475-2408,2407,2452,2674,121,116
12/01/2020-03:33:26.026325-2405,2405,2449,2674,125,116
12/01/2020-03:34:33.369801-2396,2396,2443,2674,121,116
12/01/2020-03:35:40.762332-2395,2394,2441,2674,125,117
12/01/2020-03:36:48.127877-2395,2393,2439,2673,125,114
12/01/2020-03:37:55.457536-2385,2384,2431,2674,123,116
12/01/2020-03:39:02.816339-2386,2386,2431,2674,126,118
12/01/2020-03:40:10.167785-2385,2384,2431,2674,124,116
12/01/2020-03:41:17.459326-2382,2382,2426,2674,122,114
12/01/2020-03:42:24.821365-2382,2382,2425,2674,121,115
12/01/2020-03:43:32.189523-2383,2383,2426,2674,124,116
12/01/2020-03:44:39.496334-2410,2411,2454,2674,125,117
12/01/2020-03:45:46.828171-2447,2447,2493,2673,122,115
12/01/2020-03:46:54.164295-2472,2470,2522,2672,124,117
12/01/2020-03:48:01.530226-2494,2493,2548,2672,125,115
12/01/2020-03:49:08.896363-2513,2511,2572,2673,121,115
12/01/2020-03:50:16.217268-2530,2529,2591,2673,123,116
12/01/2020-03:51:23.584558-2539,2537,2601,2673,122,114
12/01/2020-03:52:30.918917-2554,2554,2617,2673,124,115
12/01/2020-03:53:38.239126-2550,2551,2621,2672,119,114
12/01/2020-03:54:45.567072-2554,2554,2629,2672,124,116
12/01/2020-03:55:52.893880-2568,2568,2638,2672,120,115
12/01/2020-03:57:00.208429-2577,2576,2646,2673,120,114
12/01/2020-03:58:07.563403-2585,2585,2652,2673,124,116
12/01/2020-03:59:14.915683-2575,2573,2647,2672,123,115
12/01/2020-04:00:22.283995-2590,2590,2663,2673,122,116
12/01/2020-04:01:29.650672-2589,2588,2660,2673,124,115
12/01/2020-04:02:36.940365-2580,2579,2630,2673,122,116
12/01/2020-04:03:44.242802-2558,2558,2599,2673,120,116
12/01/2020-04:04:51.577251-2536,2535,2577,2673,124,116
12/01/2020-04:05:58.883188-2521,2520,2562,2674,122,117
12/01/2020-04:07:06.278454-2505,2505,2549,2674,120,117
12/01/2020-04:08:13.615679-2495,2495,2540,2674,120,117
12/01/2020-04:09:20.965801-2490,2489,2534,2674,124,114
12/01/2020-04:10:28.333030-2482,2484,2525,2674,122,114
12/01/2020-04:11:35.652425-2478,2477,2520,2674,121,114
12/01/2020-04:12:42.987967-2473,2473,2516,2674,121,116
12/01/2020-04:13:50.355521-2467,2465,2509,2674,121,116
12/01/2020-04:14:57.695236-2460,2460,2506,2674,126,115
12/01/2020-04:16:05.090517-2456,2456,2502,2674,121,118
12/01/2020-04:17:12.457917-2453,2452,2498,2674,126,116
12/01/2020-04:18:19.821693-2455,2453,2496,2674,121,118
12/01/2020-04:19:27.143856-2447,2447,2494,2674,122,118
12/01/2020-04:20:34.479859-2445,2444,2490,2673,121,118
12/01/2020-04:21:41.876782-2444,2442,2487,2674,125,114
12/01/2020-04:22:49.241404-2440,2438,2486,2674,122,117
12/01/2020-04:23:56.597515-2440,2438,2481,2673,122,118
12/01/2020-04:25:03.929691-2436,2435,2480,2673,124,115
12/01/2020-04:26:11.266955-2433,2433,2479,2674,125,114
12/01/2020-04:27:18.635452-2428,2427,2472,2674,122,116
12/01/2020-04:28:26.001244-2426,2425,2471,2673,125,114
12/01/2020-04:29:33.334545-2422,2421,2467,2674,125,116
12/01/2020-04:30:40.705147-2422,2421,2467,2674,124,116
12/01/2020-04:31:48.043663-2419,2420,2464,2674,126,115
12/01/2020-04:32:55.407004-2415,2415,2461,2673,123,117
12/01/2020-04:34:02.774724-2409,2409,2455,2674,125,114
12/01/2020-04:35:10.109889-2409,2409,2452,2673,126,117
12/01/2020-04:36:17.445246-2408,2407,2453,2673,126,117
12/01/2020-04:37:24.780544-2408,2409,2452,2673,125,117
12/01/2020-04:38:32.100296-2405,2404,2450,2673,125,118
12/01/2020-04:39:39.433282-2404,2402,2449,2673,123,116
12/01/2020-04:40:46.767491-2401,2400,2446,2672,126,117
12/01/2020-04:41:54.089558-2399,2398,2443,2673,126,117
12/01/2020-04:43:01.392841-2395,2394,2439,2673,126,115
12/01/2020-04:44:08.758760-2391,2391,2436,2673,125,117
12/01/2020-04:45:16.078902-2387,2387,2432,2672,127,114
12/01/2020-04:46:23.412930-2386,2386,2430,2673,126,117
12/01/2020-04:47:30.781479-2382,2383,2427,2672,123,117
12/01/2020-04:48:38.115419-2377,2377,2421,2673,126,118
12/01/2020-04:49:45.446735-2391,2390,2432,2673,127,115
12/01/2020-04:50:52.785105-2420,2419,2463,2673,122,117
12/01/2020-04:52:00.147702-2452,2452,2498,2672,123,116
12/01/2020-04:53:07.504243-2471,2470,2525,2672,122,117
12/01/2020-04:54:14.827199-2500,2500,2556,2672,126,117
12/01/2020-04:55:22.193571-2517,2516,2576,2672,124,118
12/01/2020-04:56:29.590346-2532,2533,2593,2672,125,119
12/01/2020-04:57:36.941920-2540,2538,2606,2672,126,118
12/01/2020-04:58:44.276989-2561,2560,2625,2672,122,117
12/01/2020-04:59:51.643723-2573,2574,2642,2672,125,118
12/01/2020-05:00:58.994978-2585,2585,2654,2672,124,116
12/01/2020-05:02:06.311888-2577,2576,2649,2671,124,118
12/01/2020-05:03:13.650995-2591,2591,2659,2672,123,115
12/01/2020-05:04:21.001259-2591,2591,2663,2672,125,115
12/01/2020-05:05:28.332873-2593,2592,2661,2672,122,117
12/01/2020-05:06:35.654641-2602,2601,2670,2672,125,116
12/01/2020-05:07:42.996919-2589,2589,2658,2672,124,115
12/01/2020-05:08:50.389121-2579,2578,2632,2673,124,117
12/01/2020-05:09:57.715711-2559,2560,2601,2673,122,118
12/01/2020-05:11:05.082410-2541,2541,2579,2671,123,116
12/01/2020-05:12:12.413036-2523,2523,2564,2673,126,117
12/01/2020-05:13:19.746408-2512,2511,2552,2673,121,116
12/01/2020-05:14:27.112509-2501,2499,2542,2673,125,116
12/01/2020-05:15:34.434112-2491,2491,2534,2673,124,117
12/01/2020-05:16:41.802770-2484,2484,2526,2672,125,117
12/01/2020-05:17:49.153167-2477,2475,2520,2673,122,115
12/01/2020-05:18:56.476096-2472,2470,2513,2673,125,118
12/01/2020-05:20:03.802640-2465,2465,2512,2673,124,116
12/01/2020-05:21:11.111009-2464,2463,2507,2673,126,117
12/01/2020-05:22:18.478361-2456,2457,2503,2672,124,117
12/01/2020-05:23:25.797166-2454,2452,2498,2673,124,118
12/01/2020-05:24:33.162831-2449,2447,2494,2673,127,116
12/01/2020-05:25:40.455002-2446,2447,2490,2672,126,118
12/01/2020-05:26:47.811655-2446,2445,2487,2673,127,115
12/01/2020-05:27:55.168772-2442,2443,2487,2672,122,117
12/01/2020-05:29:02.529012-2441,2439,2484,2672,122,116
12/01/2020-05:30:09.892024-2437,2435,2482,2672,126,115
12/01/2020-05:31:17.187477-2433,2433,2480,2671,124,116
12/01/2020-05:32:24.511026-2429,2428,2476,2673,124,116
12/01/2020-05:33:31.845550-2428,2428,2473,2672,122,116
12/01/2020-05:34:39.181713-2424,2425,2469,2673,126,115
12/01/2020-05:35:46.546679-2423,2423,2469,2672,126,115
12/01/2020-05:36:53.868490-2418,2418,2466,2671,122,116
12/01/2020-05:38:01.236621-2419,2418,2463,2672,122,116
12/01/2020-05:39:08.618355-2418,2418,2463,2672,126,116
12/01/2020-05:40:15.938015-2413,2414,2461,2672,127,117
12/01/2020-05:41:23.304790-2411,2411,2457,2672,124,115
12/01/2020-05:42:30.624477-2409,2407,2452,2672,123,115
12/01/2020-05:43:37.958828-2405,2405,2450,2671,127,119
12/01/2020-05:44:45.285304-2404,2402,2448,2671,125,119
12/01/2020-05:45:52.650553-2405,2404,2448,2671,126,116
12/01/2020-05:47:00.011141-2400,2400,2445,2672,127,116
12/01/2020-05:48:07.331743-2394,2393,2439,2672,124,115
12/01/2020-05:49:14.640105-2391,2391,2435,2671,125,118
12/01/2020-05:50:22.006728-2391,2390,2434,2672,125,116
12/01/2020-05:51:29.362067-2386,2386,2432,2672,126,117
12/01/2020-05:52:36.720242-2382,2383,2429,2671,123,118
12/01/2020-05:53:44.071643-2381,2381,2425,2672,127,116
12/01/2020-05:54:51.436604-2391,2392,2434,2672,124,117
12/01/2020-05:55:58.820293-2422,2421,2461,2671,124,117
12/01/2020-05:57:06.186950-2455,2455,2498,2671,126,115
12/01/2020-05:58:13.524861-2481,2482,2532,2671,126,118
12/01/2020-05:59:20.865088-2497,2497,2553,2671,125,117
12/01/2020-06:00:28.222243-2526,2524,2581,2671,122,118
12/01/2020-06:01:35.578463-2539,2537,2599,2671,123,116
12/01/2020-06:02:42.945872-2555,2554,2616,2671,125,114
12/01/2020-06:03:50.245284-2567,2565,2628,2670,121,117
12/01/2020-06:04:57.568226-2580,2580,2646,2670,124,116
12/01/2020-06:06:04.903579-2593,2592,2656,2670,122,114
12/01/2020-06:07:12.238785-2586,2585,2655,2671,122,116
12/01/2020-06:08:19.590010-2579,2580,2652,2670,123,117
12/01/2020-06:09:26.955469-2580,2581,2653,2670,124,116
12/01/2020-06:10:34.267117-2580,2577,2648,2670,124,114
12/01/2020-06:11:41.613279-2591,2591,2664,2670,123,114
12/01/2020-06:12:48.931091-2602,2599,2672,2671,119,116
12/01/2020-06:13:56.258823-2593,2592,2652,2671,125,117
12/01/2020-06:15:03.647771-2567,2565,2616,2671,119,115
12/01/2020-06:16:10.969058-2547,2546,2588,2672,125,116
12/01/2020-06:17:18.333360-2532,2531,2571,2671,123,114
12/01/2020-06:18:25.703621-2518,2518,2559,2671,121,117
12/01/2020-06:19:33.055406-2510,2510,2552,2671,124,115
12/01/2020-06:20:40.421060-2504,2502,2544,2671,123,116
12/01/2020-06:21:47.805008-2495,2495,2537,2671,122,116
12/01/2020-06:22:55.171184-2488,2488,2529,2671,123,117
12/01/2020-06:24:02.491892-2479,2479,2523,2672,120,117
12/01/2020-06:25:09.830450-2472,2473,2516,2671,121,115
12/01/2020-06:26:17.162855-2469,2469,2514,2671,122,117
12/01/2020-06:27:24.490267-2465,2465,2509,2671,124,115
12/01/2020-06:28:31.877958-2467,2465,2507,2671,125,115
12/01/2020-06:29:39.206124-2460,2460,2504,2671,124,115
12/01/2020-06:30:46.559862-2458,2457,2502,2671,123,115
12/01/2020-06:31:53.925774-2452,2451,2498,2671,125,117
12/01/2020-06:33:01.285061-2449,2447,2494,2671,126,118
12/01/2020-06:34:08.683174-2445,2443,2490,2671,124,117
12/01/2020-06:35:16.036105-2443,2442,2489,2671,123,118
12/01/2020-06:36:23.383727-2438,2438,2486,2671,126,116
12/01/2020-06:37:30.738597-2437,2437,2481,2671,125,116
12/01/2020-06:38:38.069456-2436,2435,2480,2671,121,118
12/01/2020-06:39:45.427240-2436,2436,2480,2670,125,116
12/01/2020-06:40:52.756843-2432,2430,2473,2670,124,118
12/01/2020-06:42:00.079863-2424,2424,2468,2670,126,116
12/01/2020-06:43:07.419203-2426,2426,2469,2670,126,115
12/01/2020-06:44:14.747421-2423,2424,2468,2670,122,116
12/01/2020-06:45:22.115280-2421,2420,2464,2670,124,116
12/01/2020-06:46:29.418856-2419,2418,2463,2670,124,115
12/01/2020-06:47:36.754686-2417,2416,2462,2669,122,117
12/01/2020-06:48:44.090324-2412,2411,2458,2670,124,117
12/01/2020-06:49:51.442740-2410,2409,2458,2670,124,115
12/01/2020-06:50:58.777842-2405,2406,2452,2670,124,116
12/01/2020-06:52:06.112907-2403,2402,2448,2670,123,115
12/01/2020-06:53:13.432277-2398,2398,2443,2670,126,118
12/01/2020-06:54:20.799329-2397,2396,2441,2669,124,117
12/01/2020-06:55:28.166491-2394,2393,2439,2669,122,117
12/01/2020-06:56:35.471992-2394,2394,2437,2670,125,117
12/01/2020-06:57:42.804654-2392,2392,2436,2670,125,117
12/01/2020-06:58:50.156332-2382,2382,2429,2669,122,116
12/01/2020-06:59:57.489828-2400,2400,2443,2669,123,117
12/01/2020-07:01:04.810567-2434,2434,2479,2669,125,115
12/01/2020-07:02:12.150362-2465,2465,2512,2669,125,116
12/01/2020-07:03:19.485958-2485,2484,2539,2669,123,116
12/01/2020-07:04:26.793423-2503,2502,2562,2669,122,117
12/01/2020-07:05:34.152043-2531,2529,2589,2669,126,118
12/01/2020-07:06:41.471679-2553,2552,2611,2669,125,114
12/01/2020-07:07:48.809969-2567,2567,2629,2669,124,116
12/01/2020-07:08:56.144922-2582,2582,2646,2669,122,116
12/01/2020-07:10:03.524143-2588,2589,2655,2669,125,115
12/01/2020-07:11:10.860644-2589,2589,2657,2669,125,115
12/01/2020-07:12:18.260411-2593,2592,2661,2669,122,118
12/01/2020-07:13:25.585537-2604,2602,2671,2668,122,117
12/01/2020-07:14:32.913968-2595,2595,2670,2669,124,115
12/01/2020-07:15:40.283339-2603,2601,2674,2669,123,117
12/01/2020-07:16:47.600849-2602,2601,2675,2669,124,115
12/01/2020-07:17:54.942125-2591,2591,2655,2669,123,116
12/01/2020-07:19:02.335739-2577,2577,2626,2669,125,117
12/01/2020-07:20:09.686051-2560,2560,2601,2669,125,117
12/01/2020-07:21:17.053727-2541,2542,2580,2669,123,118
12/01/2020-07:22:24.380237-2523,2523,2566,2669,125,117
12/01/2020-07:23:31.756365-2510,2509,2554,2669,126,117
12/01/2020-07:24:39.105312-2504,2502,2543,2669,124,117
12/01/2020-07:25:46.435407-2495,2496,2536,2669,124,117
12/01/2020-07:26:53.794553-2486,2487,2531,2669,124,117
12/01/2020-07:28:01.129710-2482,2482,2525,2669,123,116
12/01/2020-07:29:08.465008-2474,2474,2519,2669,126,115
12/01/2020-07:30:15.798781-2470,2469,2516,2669,123,117
12/01/2020-07:31:23.119324-2464,2464,2512,2669,123,117
12/01/2020-07:32:30.455327-2463,2462,2507,2669,126,117
12/01/2020-07:33:37.790765-2461,2461,2503,2669,123,115
12/01/2020-07:34:45.158245-2458,2456,2503,2669,123,116
12/01/2020-07:35:52.525671-2451,2451,2499,2669,122,116
12/01/2020-07:36:59.853123-2454,2452,2495,2669,124,114
12/01/2020-07:38:07.158171-2451,2451,2495,2669,121,115
12/01/2020-07:39:14.515259-2451,2450,2493,2669,121,115
12/01/2020-07:40:21.881597-2444,2442,2491,2669,124,117
12/01/2020-07:41:29.201635-2442,2441,2487,2669,124,116
12/01/2020-07:42:36.540322-2438,2437,2484,2669,124,116
12/01/2020-07:43:43.869564-2436,2435,2481,2669,122,115
12/01/2020-07:44:51.196844-2436,2435,2480,2669,126,118
12/01/2020-07:45:58.558695-2432,2432,2476,2669,127,119
12/01/2020-07:47:05.910154-2431,2429,2473,2669,126,117
12/01/2020-07:48:13.243715-2427,2427,2471,2669,126,117
12/01/2020-07:49:20.580888-2427,2426,2468,2669,124,118
12/01/2020-07:50:27.897030-2423,2423,2467,2669,123,119
12/01/2020-07:51:35.197340-2419,2419,2464,2668,125,115
12/01/2020-07:52:42.525271-2417,2416,2462,2669,124,116
12/01/2020-07:53:49.899062-2415,2415,2458,2669,126,116
12/01/2020-07:54:57.207758-2410,2410,2454,2669,123,116
12/01/2020-07:56:04.559090-2407,2407,2453,2669,126,116
12/01/2020-07:57:11.862423-2403,2402,2449,2668,127,118
12/01/2020-07:58:19.230021-2402,2402,2447,2668,123,116
12/01/2020-07:59:26.560418-2401,2400,2445,2668,123,116
12/01/2020-08:00:33.930459-2399,2398,2443,2668,124,117
12/01/2020-08:01:41.236754-2396,2395,2440,2668,126,118
12/01/2020-08:02:48.602652-2392,2391,2434,2668,125,116
12/01/2020-08:03:55.940973-2391,2391,2432,2668,124,119
12/01/2020-08:05:03.257409-2387,2388,2430,2668,127,119
12/01/2020-08:06:10.598877-2415,2414,2455,2668,127,117
12/01/2020-08:07:17.960073-2449,2448,2491,2668,127,117
12/01/2020-08:08:25.283721-2473,2473,2525,2667,123,119
12/01/2020-08:09:32.615492-2497,2497,2553,2668,126,117
12/01/2020-08:10:39.954161-2515,2515,2576,2667,126,116
12/01/2020-08:11:47.319678-2527,2525,2589,2667,126,117
12/01/2020-08:12:54.658107-2537,2536,2601,2667,125,118
12/01/2020-08:14:01.974423-2558,2556,2620,2667,126,117
12/01/2020-08:15:09.339980-2575,2574,2638,2667,127,118
12/01/2020-08:16:16.661696-2581,2581,2650,2667,124,118
12/01/2020-08:17:24.027896-2597,2595,2664,2667,124,118
12/01/2020-08:18:31.379207-2595,2595,2663,2667,124,116
12/01/2020-08:19:38.748013-2599,2596,2669,2667,126,117
12/01/2020-08:20:46.083099-2610,2609,2679,2667,126,117
12/01/2020-08:21:53.418588-2608,2608,2680,2667,124,117
12/01/2020-08:23:00.705925-2612,2612,2683,2667,123,117
12/01/2020-08:24:08.036392-2607,2605,2657,2667,126,117
12/01/2020-08:25:15.367625-2584,2583,2624,2667,126,118
12/01/2020-08:26:22.727624-2562,2562,2594,2667,126,119
12/01/2020-08:27:30.062171-2544,2543,2579,2667,124,117
12/01/2020-08:28:37.414203-2526,2525,2566,2668,125,119
12/01/2020-08:29:44.765167-2513,2513,2552,2667,124,117
12/01/2020-08:30:52.100332-2501,2501,2543,2668,126,118
12/01/2020-08:31:59.437232-2499,2497,2537,2667,125,118
12/01/2020-08:33:06.802961-2492,2492,2535,2667,126,118
12/01/2020-08:34:14.154177-2486,2486,2527,2667,124,118
12/01/2020-08:35:21.489274-2482,2482,2522,2667,125,118
12/01/2020-08:36:28.824303-2481,2480,2520,2667,126,116
12/01/2020-08:37:36.166671-2477,2477,2516,2667,126,116
12/01/2020-08:38:43.495705-2475,2475,2513,2668,125,116
12/01/2020-08:39:50.813280-2472,2470,2511,2667,125,117
12/01/2020-08:40:58.176473-2469,2468,2508,2667,126,116
12/01/2020-08:42:05.533371-2465,2465,2507,2667,127,116
12/01/2020-08:43:12.868613-2464,2464,2507,2667,126,115
12/01/2020-08:44:20.203777-2461,2461,2502,2667,125,117
12/01/2020-08:45:27.552954-2458,2456,2498,2667,126,117
12/01/2020-08:46:34.890642-2455,2455,2498,2667,127,116
12/01/2020-08:47:42.225930-2451,2451,2491,2667,126,115
12/01/2020-08:48:49.561954-2451,2450,2489,2667,126,117
12/01/2020-08:49:56.912510-2449,2448,2488,2667,126,117
12/01/2020-08:51:04.231647-2447,2447,2485,2667,124,116
12/01/2020-08:52:11.631265-2443,2442,2482,2667,127,118
12/01/2020-08:53:18.958573-2442,2442,2481,2667,126,117
12/01/2020-08:54:26.349902-2442,2439,2480,2667,127,118
12/01/2020-08:55:33.678307-2442,2441,2476,2667,127,115
12/01/2020-08:56:41.036119-2441,2439,2480,2667,123,115
12/01/2020-08:57:48.370922-2437,2436,2477,2667,126,118
12/01/2020-08:58:55.708538-2433,2434,2473,2667,124,117
12/01/2020-09:00:03.025174-2430,2428,2470,2667,122,117
12/01/2020-09:01:10.360371-2424,2424,2467,2667,122,116
12/01/2020-09:02:17.695386-2413,2412,2454,2667,131,124
12/01/2020-09:03:25.077743-2406,2405,2444,2667,132,124
12/01/2020-09:04:32.443977-2400,2400,2440,2667,131,122
12/01/2020-09:05:39.843487-2396,2396,2435,2666,133,123
12/01/2020-09:06:47.195031-2395,2395,2436,2666,130,124
12/01/2020-09:07:54.545638-2394,2393,2434,2667,130,123
12/01/2020-09:09:01.928181-2390,2390,2430,2667,131,122
12/01/2020-09:10:09.326280-2391,2391,2430,2665,135,125
12/01/2020-09:11:16.711340-2392,2392,2430,2666,131,123
12/01/2020-09:12:24.094220-2392,2391,2430,2666,134,123
12/01/2020-09:13:31.493047-2390,2389,2429,2666,133,123
12/01/2020-09:14:38.843597-2378,2379,2420,2666,130,124
12/01/2020-09:15:46.179607-2400,2399,2439,2666,132,124
12/01/2020-09:16:53.530445-2423,2423,2466,2666,132,123
12/01/2020-09:18:00.914180-2444,2443,2488,2665,133,124
12/01/2020-09:19:08.278437-2469,2469,2514,2665,133,124
12/01/2020-09:20:15.616514-2497,2496,2543,2665,131,123
12/01/2020-09:21:22.951620-2518,2516,2565,2665,131,122
12/01/2020-09:22:30.286449-2530,2528,2576,2665,130,122
12/01/2020-09:23:37.649624-2546,2546,2592,2664,133,124
12/01/2020-09:24:44.945603-2551,2550,2598,2664,132,125
12/01/2020-09:25:52.252335-2553,2551,2602,2664,134,124
12/01/2020-09:26:59.584789-2563,2563,2610,2664,132,125
12/01/2020-09:28:06.931183-2559,2559,2610,2664,131,124
12/01/2020-09:29:14.242250-2546,2545,2579,2665,132,125
12/01/2020-09:30:21.601846-2532,2532,2525,2664,132,125
12/01/2020-09:31:28.980254-2515,2516,2507,2664,135,126
12/01/2020-09:32:36.351080-2504,2504,2494,2665,132,124
12/01/2020-09:33:43.685419-2491,2491,2503,2666,132,124
12/01/2020-09:34:51.053467-2485,2487,2503,2664,131,124
12/01/2020-09:35:58.373845-2478,2477,2503,2664,133,126
12/01/2020-09:37:05.740717-2472,2471,2495,2664,134,124
12/01/2020-09:38:13.077137-2469,2468,2475,2665,135,124
12/01/2020-09:39:20.411222-2463,2461,2477,2665,133,126
12/01/2020-09:40:27.735228-2463,2461,2485,2665,135,123
12/01/2020-09:41:35.034747-2465,2464,2482,2665,132,126
12/01/2020-09:42:42.368881-2464,2464,2482,2665,132,125
12/01/2020-09:43:49.753187-2463,2461,2468,2665,133,125
12/01/2020-09:44:57.119426-2461,2459,2454,2665,135,123
12/01/2020-09:46:04.451994-2458,2457,2449,2664,133,125
12/01/2020-09:47:11.790625-2455,2453,2453,2665,133,125
12/01/2020-09:48:19.122423-2453,2452,2457,2665,133,126
12/01/2020-09:49:26.429335-2454,2454,2462,2665,133,124
12/01/2020-09:50:33.748334-2447,2447,2449,2665,134,124
12/01/2020-09:51:41.097951-2446,2445,2452,2665,133,124
12/01/2020-09:52:48.406873-2447,2446,2448,2665,132,126
12/01/2020-09:53:55.721902-2449,2447,2452,2665,134,124
12/01/2020-09:55:03.072602-2446,2446,2448,2665,132,125
12/01/2020-09:56:10.395274-2446,2446,2445,2665,132,126
12/01/2020-09:57:17.735024-2446,2445,2449,2665,135,124
12/01/2020-09:58:25.107142-2447,2447,2452,2664,134,125
12/01/2020-09:59:32.448362-2444,2443,2448,2665,132,125
12/01/2020-10:00:39.777449-2444,2443,2446,2664,133,125
12/01/2020-10:01:47.115102-2442,2441,2447,2664,133,126
12/01/2020-10:02:54.419886-2441,2439,2445,2664,133,126
12/01/2020-10:04:01.754858-2441,2439,2445,2664,133,125
12/01/2020-10:05:09.103486-2439,2438,2446,2664,135,123
12/01/2020-10:06:16.472944-2441,2439,2443,2664,134,126
12/01/2020-10:07:23.836766-2441,2439,2441,2664,133,126
12/01/2020-10:08:31.172503-2437,2437,2441,2664,134,126
12/01/2020-10:09:38.469764-2436,2434,2444,2664,132,124
12/01/2020-10:10:45.829392-2436,2436,2438,2664,134,125
12/01/2020-10:11:53.197311-2436,2437,2443,2664,134,124
12/01/2020-10:13:00.544973-2432,2430,2450,2664,132,126
12/01/2020-10:14:07.880660-2423,2421,2445,2664,132,124
12/01/2020-10:15:15.220917-2418,2418,2440,2663,134,124
12/01/2020-10:16:22.587476-2419,2419,2439,2663,133,126
12/01/2020-10:17:29.951170-2420,2421,2432,2664,132,125
12/01/2020-10:18:37.336582-2426,2425,2434,2663,135,125
12/01/2020-10:19:44.647837-2422,2423,2438,2663,134,124
12/01/2020-10:20:52.006103-2419,2419,2430,2663,133,126
12/01/2020-10:21:59.341626-2420,2416,2430,2663,134,124
12/01/2020-10:23:06.647939-2418,2419,2425,2663,133,124
12/01/2020-10:24:14.011826-2418,2418,2422,2663,132,124
12/01/2020-10:25:21.363664-2418,2418,2423,2663,134,125
12/01/2020-10:26:28.654062-2417,2417,2420,2662,131,123
12/01/2020-10:27:35.981061-2415,2414,2420,2663,134,125
12/01/2020-10:28:43.307456-2411,2411,2408,2663,133,124
12/01/2020-10:29:50.665983-2409,2410,2408,2663,134,126
12/01/2020-10:30:57.964527-2408,2407,2408,2663,131,123
12/01/2020-10:32:05.325745-2409,2409,2412,2663,134,124
12/01/2020-10:33:12.677279-2405,2404,2396,2662,133,123
12/01/2020-10:34:20.058637-2401,2401,2394,2662,133,123
12/01/2020-10:35:27.428723-2398,2398,2389,2662,134,124
12/01/2020-10:36:34.794701-2395,2393,2384,2662,135,126
12/01/2020-10:37:42.127383-2391,2391,2388,2662,134,124
12/01/2020-10:38:49.463119-2390,2388,2392,2662,135,125
12/01/2020-10:39:56.772303-2392,2392,2398,2661,131,124
12/01/2020-10:41:04.118072-2392,2392,2401,2661,131,124
12/01/2020-10:42:11.432776-2395,2393,2393,2661,134,125
12/01/2020-10:43:18.771805-2396,2396,2395,2661,131,124
12/01/2020-10:44:26.124001-2392,2392,2394,2662,134,125
12/01/2020-10:45:33.454145-2389,2388,2389,2661,131,124
12/01/2020-10:46:40.772155-2390,2389,2376,2661,132,124
12/01/2020-10:47:48.097260-2389,2388,2379,2661,133,124
12/01/2020-10:48:55.432690-2388,2387,2378,2661,134,125
12/01/2020-10:50:02.767468-2386,2386,2380,2660,133,124
12/01/2020-10:51:10.134796-2386,2387,2383,2661,131,124
12/01/2020-10:52:17.500527-2386,2385,2378,2660,132,123
12/01/2020-10:53:24.882432-2381,2380,2376,2661,131,124
12/01/2020-10:54:32.199303-2378,2378,2376,2660,133,123
12/01/2020-10:55:39.538263-2378,2378,2374,2660,132,123
12/01/2020-10:56:46.874474-2373,2373,2365,2661,131,123
12/01/2020-10:57:54.245127-2372,2372,2367,2661,132,124
12/01/2020-10:59:01.576209-2373,2373,2370,2660,135,126
12/01/2020-11:00:08.940117-2372,2371,2379,2661,135,126
12/01/2020-11:01:16.275559-2372,2370,2375,2661,134,124
12/01/2020-11:02:23.612668-2371,2370,2379,2661,133,124
12/01/2020-11:03:31.011315-2368,2368,2377,2660,133,125
12/01/2020-11:04:38.330770-2369,2369,2370,2660,134,125
12/01/2020-11:05:45.637924-2368,2366,2371,2660,133,124
12/01/2020-11:06:53.006034-2365,2364,2379,2660,133,124
12/01/2020-11:08:00.340036-2363,2363,2372,2660,132,123
12/01/2020-11:09:07.680639-2363,2362,2366,2659,132,124
12/01/2020-11:10:15.022063-2365,2364,2364,2659,132,123
12/01/2020-11:11:22.405059-2363,2364,2370,2659,130,123
12/01/2020-11:12:29.737956-2362,2360,2371,2659,131,122
12/01/2020-11:13:37.088333-2359,2359,2370,2659,132,124
12/01/2020-11:14:44.453027-2359,2360,2358,2659,131,124
12/01/2020-11:15:51.746786-2358,2359,2356,2660,130,122
12/01/2020-11:16:59.063912-2358,2358,2358,2658,130,123
12/01/2020-11:18:06.393337-2354,2355,2350,2658,133,124
12/01/2020-11:19:13.716228-2351,2351,2340,2658,132,122
12/01/2020-11:20:21.042530-2349,2349,2348,2658,130,122
12/01/2020-11:21:28.417877-2351,2351,2349,2659,134,124
12/01/2020-11:22:35.790468-2349,2350,2341,2657,132,122
12/01/2020-11:23:43.131777-2349,2347,2341,2658,132,125
12/01/2020-11:24:50.456860-2346,2347,2337,2659,134,125
12/01/2020-11:25:57.781078-2344,2345,2337,2657,134,125
12/01/2020-11:27:05.129889-2341,2341,2330,2657,132,122
12/01/2020-11:28:12.478178-2339,2337,2329,2657,131,124
12/01/2020-11:29:19.812690-2339,2337,2333,2658,130,123
12/01/2020-11:30:27.178758-2339,2338,2339,2657,125,120
12/01/2020-11:31:34.543987-2340,2340,2339,2658,127,118
12/01/2020-11:32:41.945149-2337,2336,2324,2658,129,119
12/01/2020-11:33:49.295293-2330,2330,2327,2657,129,120
12/01/2020-11:34:56.629126-2331,2329,2328,2657,131,122
12/01/2020-11:36:03.998888-2331,2331,2323,2657,129,121
12/01/2020-11:37:11.331886-2330,2329,2318,2657,129,121
12/01/2020-11:38:18.652336-2327,2326,2316,2657,128,118
12/01/2020-11:39:25.976885-2326,2326,2320,2657,127,118
12/01/2020-11:40:33.369594-2325,2324,2316,2657,129,121
12/01/2020-11:41:40.704131-2325,2324,2318,2656,131,122
12/01/2020-11:42:48.011969-2325,2323,2320,2656,131,121
12/01/2020-11:43:55.311664-2319,2318,2314,2657,130,124
12/01/2020-11:45:02.661838-2316,2315,2310,2656,130,120
12/01/2020-11:46:10.000978-2309,2309,2322,2656,130,121
12/01/2020-11:47:17.308992-2312,2312,2314,2656,130,120
12/01/2020-11:48:24.683635-2315,2314,2319,2656,132,124
12/01/2020-11:49:32.019822-2315,2313,2324,2656,130,121
12/01/2020-11:50:39.353468-2311,2310,2332,2656,129,122
12/01/2020-11:51:46.695932-2312,2311,2332,2656,129,121
12/01/2020-11:52:54.054075-2314,2314,2332,2657,131,122
12/01/2020-11:54:01.406405-2315,2314,2334,2656,128,119
12/01/2020-11:55:08.744083-2313,2314,2334,2656,129,123
12/01/2020-11:56:16.140281-2309,2309,2334,2656,132,124
12/01/2020-11:57:23.473984-2312,2312,2329,2655,128,121
12/01/2020-11:58:30.825667-2310,2309,2331,2656,126,119
12/01/2020-11:59:38.129536-2306,2305,2330,2655,127,118
12/01/2020-12:00:45.432271-2309,2308,2328,2655,127,120
12/01/2020-12:01:52.766997-2307,2306,2327,2655,128,119
12/01/2020-12:03:00.105612-2309,2308,2324,2655,129,122
12/01/2020-12:04:07.446435-2308,2308,2324,2655,129,122
12/01/2020-12:05:14.759471-2307,2306,2325,2655,131,121
12/01/2020-12:06:22.141056-2308,2308,2320,2655,130,122
12/01/2020-12:07:29.543199-2307,2308,2323,2655,131,122
12/01/2020-12:08:36.897919-2306,2305,2320,2654,128,120
12/01/2020-12:09:44.254832-2304,2304,2323,2654,129,122
12/01/2020-12:10:51.589644-2303,2303,2323,2654,128,120
12/01/2020-12:11:58.972319-2298,2299,2321,2654,129,121
12/01/2020-12:13:06.336237-2299,2299,2317,2654,129,121
12/01/2020-12:14:13.626913-2302,2300,2313,2654,129,123
12/01/2020-12:15:20.992688-2302,2302,2311,2654,131,123
12/01/2020-12:16:28.343998-2300,2300,2315,2654,128,120
12/01/2020-12:17:35.701429-2299,2299,2315,2654,129,121
12/01/2020-12:18:43.060357-2296,2295,2314,2654,129,121
12/01/2020-12:19:50.412712-2293,2293,2313,2654,131,121
12/01/2020-12:20:57.748008-2293,2294,2310,2654,130,122
12/01/2020-12:22:05.079884-2296,2295,2310,2654,129,120
12/01/2020-12:23:12.417685-2294,2294,2309,2654,129,121
12/01/2020-12:24:19.730728-2293,2294,2305,2654,128,120
12/01/2020-12:25:27.071641-2290,2291,2306,2653,131,123
12/01/2020-12:26:34.404915-2288,2288,2304,2653,131,121
12/01/2020-12:27:41.725668-2287,2287,2300,2653,130,121
12/01/2020-12:28:49.091433-2288,2289,2301,2653,129,121
12/01/2020-12:29:56.427542-2285,2286,2301,2653,129,123
12/01/2020-12:31:03.753597-2283,2284,2302,2653,129,120
12/01/2020-12:32:11.113530-2282,2282,2300,2653,130,119
12/01/2020-12:33:18.464171-2279,2281,2302,2652,128,120
12/01/2020-12:34:25.812608-2280,2280,2300,2652,131,120
12/01/2020-12:35:33.127747-2268,2267,2299,2653,131,121
12/01/2020-12:36:40.468264-2283,2282,2315,2652,130,122
12/01/2020-12:37:47.833696-2314,2314,2351,2652,129,122
12/01/2020-12:38:55.140974-2336,2335,2378,2652,129,119
12/01/2020-12:40:02.502218-2355,2356,2403,2652,129,120
12/01/2020-12:41:09.807877-2378,2378,2423,2652,131,121
12/01/2020-12:42:17.142659-2394,2393,2444,2652,130,121
12/01/2020-12:43:24.485679-2404,2404,2458,2652,131,122
12/01/2020-12:44:31.824626-2409,2407,2469,2652,128,120
12/01/2020-12:45:39.147608-2424,2424,2482,2652,128,122
12/01/2020-12:46:46.546216-2445,2443,2502,2652,127,122
12/01/2020-12:47:53.879422-2460,2460,2514,2652,128,122
12/01/2020-12:49:01.214820-2459,2457,2519,2652,130,120
12/01/2020-12:50:08.557002-2464,2462,2526,2652,128,122
12/01/2020-12:51:15.917799-2449,2448,2499,2652,130,122
12/01/2020-12:52:23.262548-2433,2433,2469,2652,129,123
12/01/2020-12:53:30.600801-2415,2415,2450,2652,132,123
12/01/2020-12:54:37.939046-2400,2400,2436,2652,128,121
12/01/2020-12:55:45.287233-2386,2386,2423,2652,131,121
12/01/2020-12:56:52.623753-2374,2374,2414,2652,130,122
12/01/2020-12:57:59.944319-2368,2368,2406,2652,128,121
12/01/2020-12:59:07.255850-2363,2363,2401,2652,129,121
12/01/2020-13:00:14.620272-2358,2357,2395,2652,130,120
12/01/2020-13:01:21.978428-2356,2356,2392,2652,130,121
12/01/2020-13:02:29.361503-2353,2352,2389,2652,130,119
12/01/2020-13:03:36.656261-2352,2351,2386,2652,127,121
12/01/2020-13:04:44.015628-2350,2351,2384,2652,129,122
12/01/2020-13:05:51.368398-2351,2351,2381,2652,129,122
12/01/2020-13:06:58.702177-2350,2350,2380,2652,129,120
12/01/2020-13:08:06.015157-2349,2349,2380,2652,130,121
12/01/2020-13:09:13.352030-2349,2348,2380,2652,128,121
12/01/2020-13:10:20.690878-2351,2351,2378,2652,130,122
12/01/2020-13:11:28.025662-2349,2350,2379,2652,130,120
12/01/2020-13:12:35.340541-2350,2349,2379,2652,129,120
12/01/2020-13:13:42.648147-2348,2349,2376,2652,128,122
12/01/2020-13:14:49.999042-2348,2346,2373,2652,131,120
12/01/2020-13:15:57.298234-2343,2342,2374,2652,131,121
12/01/2020-13:17:04.604777-2344,2343,2372,2652,129,123
12/01/2020-13:18:11.934446-2341,2341,2369,2652,129,120
12/01/2020-13:19:19.281924-2341,2341,2369,2652,131,120
12/01/2020-13:20:26.657751-2340,2340,2365,2652,131,120
12/01/2020-13:21:33.993541-2337,2337,2365,2652,131,122
12/01/2020-13:22:41.344648-2332,2332,2363,2652,130,121
12/01/2020-13:23:48.678569-2330,2329,2359,2652,129,121
12/01/2020-13:24:56.030568-2330,2329,2357,2651,132,122
12/01/2020-13:26:03.347778-2330,2329,2357,2652,131,122
12/01/2020-13:27:10.654906-2330,2330,2355,2651,131,121
12/01/2020-13:28:17.999967-2329,2328,2356,2651,129,121
12/01/2020-13:29:25.338931-2327,2327,2354,2651,130,121
12/01/2020-13:30:32.673971-2325,2323,2352,2651,132,124
12/01/2020-13:31:39.980409-2319,2318,2350,2651,130,123
12/01/2020-13:32:47.339167-2321,2319,2350,2651,131,123
12/01/2020-13:33:54.706534-2320,2319,2348,2651,130,121
12/01/2020-13:35:02.043805-2318,2317,2347,2651,132,122
12/01/2020-13:36:09.390513-2317,2317,2346,2651,130,123
12/01/2020-13:37:16.764223-2317,2315,2344,2651,131,123
12/01/2020-13:38:24.131502-2317,2317,2339,2651,129,121
12/01/2020-13:39:31.466957-2318,2317,2342,2651,131,123
12/01/2020-13:40:38.769845-2316,2315,2342,2651,130,122
12/01/2020-13:41:46.136482-2316,2313,2342,2650,131,121
12/01/2020-13:42:53.490718-2311,2311,2338,2650,131,120
12/01/2020-13:44:00.816489-2311,2310,2337,2650,131,122
12/01/2020-13:45:08.151619-2310,2309,2337,2650,130,121
12/01/2020-13:46:15.474215-2307,2305,2336,2650,130,122
12/01/2020-13:47:22.795410-2306,2305,2335,2650,132,120
12/01/2020-13:48:30.132757-2306,2305,2333,2650,130,122
12/01/2020-13:49:37.478858-2303,2303,2329,2650,131,121
12/01/2020-13:50:44.814487-2305,2304,2329,2650,130,121
12/01/2020-13:51:52.150791-2303,2303,2328,2650,132,121
12/01/2020-13:52:59.531163-2300,2299,2329,2650,133,123
12/01/2020-13:54:06.853153-2297,2296,2327,2650,128,122
12/01/2020-13:55:14.191375-2294,2293,2324,2650,130,120
12/01/2020-13:56:21.520847-2298,2296,2325,2650,131,121
12/01/2020-13:57:28.821985-2284,2285,2322,2650,129,122
12/01/2020-13:58:36.145991-2306,2304,2343,2650,131,122
12/01/2020-13:59:43.494003-2335,2334,2375,2650,127,120
12/01/2020-14:00:50.831762-2358,2357,2403,2650,128,122
12/01/2020-14:01:58.180536-2378,2378,2429,2649,126,119
12/01/2020-14:03:05.492816-2404,2403,2455,2650,127,120
12/01/2020-14:04:12.868331-2420,2420,2476,2649,129,120
12/01/2020-14:05:20.203966-2437,2435,2494,2649,128,120
12/01/2020-14:06:27.517541-2449,2447,2508,2649,127,120
12/01/2020-14:07:34.824651-2461,2460,2518,2650,129,119
12/01/2020-14:08:42.190762-2474,2473,2532,2650,129,120
12/01/2020-14:09:49.527397-2484,2483,2541,2649,126,119
12/01/2020-14:10:56.878524-2492,2492,2554,2649,127,120
12/01/2020-14:12:04.187815-2491,2490,2552,2650,127,120
12/01/2020-14:13:11.516993-2470,2470,2521,2650,130,120
12/01/2020-14:14:18.847297-2452,2452,2493,2650,129,122
12/01/2020-14:15:26.203591-2436,2437,2473,2650,130,120
12/01/2020-14:16:33.568928-2418,2418,2461,2650,129,121
12/01/2020-14:17:40.889429-2404,2403,2445,2650,129,122
12/01/2020-14:18:48.219932-2395,2395,2436,2649,130,122
12/01/2020-14:19:55.546170-2388,2387,2427,2650,127,121
12/01/2020-14:21:02.877438-2382,2382,2422,2650,128,122
12/01/2020-14:22:10.210356-2378,2377,2413,2650,130,121
12/01/2020-14:23:17.564862-2380,2379,2411,2650,130,121
12/01/2020-14:24:24.900006-2373,2373,2411,2649,128,121
12/01/2020-14:25:32.236270-2369,2368,2406,2650,129,120
12/01/2020-14:26:39.601336-2369,2368,2404,2649,128,121
12/01/2020-14:27:46.940430-2367,2366,2402,2650,130,120
12/01/2020-14:28:54.303476-2367,2366,2402,2650,130,120
12/01/2020-14:30:01.638051-2365,2365,2402,2650,127,121
12/01/2020-14:31:08.974833-2363,2363,2398,2650,129,121
12/01/2020-14:32:16.281777-2363,2361,2393,2650,128,120
12/01/2020-14:33:23.643191-2362,2361,2392,2650,131,122
12/01/2020-14:34:30.979071-2362,2360,2390,2650,128,121
12/01/2020-14:35:38.327315-2360,2360,2389,2650,128,120
12/01/2020-14:36:45.649213-2358,2358,2388,2650,130,121
12/01/2020-14:37:52.969440-2358,2359,2385,2650,131,122
12/01/2020-14:39:00.319049-2354,2352,2387,2650,131,123
12/01/2020-14:40:07.639882-2351,2352,2384,2649,127,120
12/01/2020-14:41:14.942944-2353,2352,2383,2649,127,119
12/01/2020-14:42:22.274498-2350,2351,2383,2649,129,121
12/01/2020-14:43:29.643761-2350,2350,2380,2650,128,121
12/01/2020-14:44:36.995064-2349,2349,2380,2649,131,121
12/01/2020-14:45:44.332064-2349,2348,2380,2649,129,122
12/01/2020-14:46:51.682672-2348,2346,2377,2649,129,120
12/01/2020-14:47:59.016371-2343,2341,2375,2649,128,121
12/01/2020-14:49:06.353096-2339,2338,2374,2648,127,121
12/01/2020-14:50:13.662867-2340,2338,2370,2649,127,118
12/01/2020-14:51:20.989849-2340,2340,2370,2648,127,117
12/01/2020-14:52:28.297781-2340,2340,2370,2648,126,118
12/01/2020-14:53:35.689774-2339,2337,2369,2648,126,119
12/01/2020-14:54:43.060288-2336,2336,2366,2648,127,119
12/01/2020-14:55:50.393857-2331,2330,2363,2648,133,122
12/01/2020-14:56:57.698470-2326,2326,2360,2648,128,122
12/01/2020-14:58:05.036912-2321,2322,2357,2648,128,122
12/01/2020-14:59:12.401254-2319,2319,2354,2648,129,119
12/01/2020-15:00:19.735988-2319,2319,2353,2648,128,118
12/01/2020-15:01:27.084488-2316,2315,2353,2648,128,120
12/01/2020-15:02:34.389962-2316,2315,2350,2648,127,120
12/01/2020-15:03:41.692729-2315,2314,2349,2648,127,118
12/01/2020-15:04:49.058263-2312,2313,2348,2648,127,119
12/01/2020-15:05:56.425863-2311,2310,2346,2648,128,119
12/01/2020-15:07:03.775030-2309,2308,2343,2648,126,120
12/01/2020-15:08:11.112549-2307,2305,2343,2648,129,119
12/01/2020-15:09:18.447280-2302,2301,2342,2648,129,120
12/01/2020-15:10:25.813545-2299,2299,2337,2648,129,120
12/01/2020-15:11:33.117378-2299,2299,2334,2648,127,119
12/01/2020-15:12:40.453660-2298,2298,2333,2647,125,120
12/01/2020-15:13:47.799894-2298,2298,2333,2647,126,117
12/01/2020-15:14:55.133955-2295,2294,2330,2647,126,117
12/01/2020-15:16:02.459745-2292,2292,2329,2647,124,118
12/01/2020-15:17:09.841178-2290,2291,2323,2647,126,118
12/01/2020-15:18:17.168738-2290,2291,2319,2647,127,119
12/01/2020-15:19:24.528035-2288,2289,2320,2647,128,120
12/01/2020-15:20:31.845833-2287,2286,2319,2647,129,120
12/01/2020-15:21:39.198176-2280,2280,2315,2647,128,121
12/01/2020-15:22:46.503150-2297,2296,2335,2647,127,120
12/01/2020-15:23:53.883173-2321,2321,2364,2647,125,120
12/01/2020-15:25:01.233184-2355,2355,2398,2647,126,117
12/01/2020-15:26:08.526245-2377,2377,2426,2647,127,120
12/01/2020-15:27:15.886033-2394,2393,2445,2647,128,119
12/01/2020-15:28:23.240855-2418,2419,2472,2647,127,119
12/01/2020-15:29:30.606604-2436,2435,2493,2647,127,118
12/01/2020-15:30:37.973370-2447,2446,2509,2646,126,120
12/01/2020-15:31:45.340302-2469,2469,2531,2647,127,119
12/01/2020-15:32:52.646009-2481,2479,2543,2646,126,118
12/01/2020-15:33:59.993032-2488,2488,2550,2647,128,119
12/01/2020-15:35:07.374475-2488,2487,2555,2646,126,118
12/01/2020-15:36:14.710955-2508,2506,2570,2647,126,118
12/01/2020-15:37:22.049325-2495,2495,2562,2647,127,118
12/01/2020-15:38:29.366079-2491,2491,2549,2646,127,118
12/01/2020-15:39:36.700839-2470,2469,2514,2647,127,120
12/01/2020-15:40:44.081712-2447,2447,2489,2647,129,120
12/01/2020-15:41:51.418713-2424,2424,2470,2647,126,120
12/01/2020-15:42:58.733737-2408,2406,2452,2647,126,118
12/01/2020-15:44:06.104203-2400,2400,2441,2647,127,120
12/01/2020-15:45:13.469310-2390,2391,2431,2647,128,119
12/01/2020-15:46:20.836354-2387,2386,2425,2647,126,118
12/01/2020-15:47:28.186668-2381,2381,2421,2647,126,120
12/01/2020-15:48:35.522021-2374,2373,2411,2647,129,121
12/01/2020-15:49:42.889750-2368,2366,2407,2647,131,123
12/01/2020-15:50:50.198056-2360,2360,2398,2647,132,124
12/01/2020-15:51:57.549777-2359,2359,2395,2647,129,120
12/01/2020-15:53:04.890523-2360,2359,2396,2647,133,123
12/01/2020-15:54:12.243272-2357,2357,2394,2647,135,125
12/01/2020-15:55:19.594947-2351,2350,2390,2647,133,123
12/01/2020-15:56:26.898259-2336,2336,2366,2647,134,126
12/01/2020-15:57:34.249574-2331,2330,2361,2647,133,122
12/01/2020-15:58:41.583505-2335,2335,2370,2647,131,122
12/01/2020-15:59:48.917769-2335,2335,2369,2647,130,123
12/01/2020-16:00:56.236055-2330,2329,2366,2647,132,123
12/01/2020-16:02:03.604849-2329,2327,2364,2647,131,121
12/01/2020-16:03:10.940006-2325,2324,2362,2647,132,122
12/01/2020-16:04:18.248937-2317,2317,2356,2647,131,121
12/01/2020-16:05:25.642088-2309,2309,2348,2647,132,123
12/01/2020-16:06:32.975582-2311,2310,2348,2647,132,123
12/01/2020-16:07:40.283240-2309,2309,2346,2647,130,121
12/01/2020-16:08:47.609703-2306,2305,2344,2647,131,122
12/01/2020-16:09:54.949504-2299,2299,2338,2646,132,124
12/01/2020-16:11:02.299293-2298,2297,2334,2647,133,122
12/01/2020-16:12:09.639709-2294,2294,2332,2646,132,122
12/01/2020-16:13:16.976943-2289,2290,2327,2646,130,121
12/01/2020-16:14:24.336720-2280,2281,2320,2645,129,123
12/01/2020-16:15:31.670848-2279,2278,2316,2646,131,122
12/01/2020-16:16:39.025314-2276,2276,2311,2646,130,123
12/01/2020-16:17:46.389095-2275,2275,2314,2646,131,123
12/01/2020-16:18:53.724368-2275,2273,2310,2646,128,121
12/01/2020-16:20:01.090111-2270,2269,2309,2646,131,120
12/01/2020-16:21:08.409946-2270,2268,2306,2646,129,120
12/01/2020-16:22:15.744636-2268,2267,2305,2646,130,122
12/01/2020-16:23:23.088823-2265,2264,2301,2646,131,122
12/01/2020-16:24:30.427663-2262,2262,2300,2646,130,121
12/01/2020-16:25:37.749830-2260,2259,2297,2646,128,120
12/01/2020-16:26:45.083775-2259,2259,2296,2646,129,121
12/01/2020-16:27:52.422444-2256,2256,2295,2646,129,119
12/01/2020-16:28:59.785967-2261,2261,2296,2646,131,122
12/01/2020-16:30:07.125451-2254,2253,2291,2646,130,122
12/01/2020-16:31:14.435777-2254,2253,2287,2646,132,123
12/01/2020-16:32:21.775154-2254,2254,2290,2646,131,123
12/01/2020-16:33:29.110439-2248,2247,2285,2646,131,124
12/01/2020-16:34:36.460444-2238,2238,2273,2646,132,122
12/01/2020-16:35:43.810372-2238,2238,2269,2645,131,122
12/01/2020-16:36:51.130830-2238,2237,2270,2645,132,122
12/01/2020-16:37:58.439241-2241,2239,2276,2645,134,124
12/01/2020-16:39:05.768779-2276,2276,2308,2645,130,122
12/01/2020-16:40:13.087360-2327,2327,2358,2645,129,123
12/01/2020-16:41:20.417625-2377,2377,2409,2645,132,123
12/01/2020-16:42:27.740229-2417,2415,2452,2645,131,120
12/01/2020-16:43:35.055756-2450,2448,2491,2645,132,123
12/01/2020-16:44:42.375731-2473,2472,2517,2645,128,122
12/01/2020-16:45:49.713737-2496,2496,2541,2644,131,121
12/01/2020-16:46:57.027137-2517,2516,2565,2645,131,122
12/01/2020-16:48:04.352419-2536,2534,2585,2645,131,124
12/01/2020-16:49:11.662949-2545,2545,2599,2644,128,122
12/01/2020-16:50:19.021757-2557,2558,2610,2645,131,121
12/01/2020-16:51:26.360816-2563,2565,2615,2645,131,121
12/01/2020-16:52:33.704138-2572,2572,2623,2645,132,121
12/01/2020-16:53:41.030200-2577,2576,2632,2645,130,122
12/01/2020-16:54:48.356623-2580,2579,2632,2645,131,122
12/01/2020-16:55:55.669708-2537,2537,2588,2645,131,121
12/01/2020-16:57:03.031521-2499,2498,2535,2645,132,123
12/01/2020-16:58:10.361510-2465,2466,2503,2645,129,123
12/01/2020-16:59:17.699574-2437,2436,2479,2645,132,122
12/01/2020-17:00:25.006372-2415,2415,2459,2645,129,124
12/01/2020-17:01:32.306894-2404,2402,2446,2645,133,124
12/01/2020-17:02:39.659933-2390,2388,2432,2645,131,125
12/01/2020-17:03:47.019611-2382,2380,2412,2645,130,124
12/01/2020-17:04:54.344010-2372,2372,2407,2645,131,123
12/01/2020-17:06:01.708460-2365,2365,2403,2645,131,123
12/01/2020-17:07:09.034269-2356,2356,2395,2645,131,123
12/01/2020-17:08:16.363575-2349,2349,2385,2646,131,121
12/01/2020-17:09:23.699278-2340,2341,2372,2646,129,123
12/01/2020-17:10:31.053983-2331,2331,2367,2646,132,125
12/01/2020-17:11:38.417685-2327,2328,2365,2645,133,122
12/01/2020-17:12:45.736484-2332,2332,2366,2645,131,121
12/01/2020-17:13:53.101509-2344,2343,2376,2645,132,121
12/01/2020-17:15:00.422112-2348,2347,2384,2645,130,121
12/01/2020-17:16:07.771358-2351,2351,2388,2645,129,121
12/01/2020-17:17:15.112800-2348,2347,2385,2645,132,123
12/01/2020-17:18:22.443714-2346,2345,2385,2645,132,124
12/01/2020-17:19:29.749031-2342,2341,2381,2645,130,122
12/01/2020-17:20:37.142486-2341,2342,2381,2645,130,123
12/01/2020-17:21:44.478609-2337,2337,2379,2645,133,123
12/01/2020-17:22:51.812587-2335,2333,2374,2645,131,122
12/01/2020-17:23:59.162929-2329,2328,2371,2645,131,124
12/01/2020-17:25:06.514223-2327,2326,2369,2645,130,121
12/01/2020-17:26:13.849512-2326,2326,2367,2645,132,123
12/01/2020-17:27:21.215606-2326,2326,2367,2645,132,123
12/01/2020-17:28:28.550617-2322,2322,2366,2645,132,124
12/01/2020-17:29:35.887288-2317,2318,2361,2644,131,122
12/01/2020-17:30:43.237691-2316,2314,2360,2645,131,122
12/01/2020-17:31:50.573117-2313,2314,2357,2644,128,120
12/01/2020-17:32:57.908166-2316,2315,2356,2645,128,121
12/01/2020-17:34:05.259426-2311,2309,2353,2645,132,122
12/01/2020-17:35:12.577805-2308,2308,2351,2644,131,120
12/01/2020-17:36:19.880408-2309,2308,2350,2644,131,122
12/01/2020-17:37:27.247440-2306,2304,2346,2644,129,123
12/01/2020-17:38:34.583130-2299,2298,2342,2644,131,120
12/01/2020-17:39:41.948080-2315,2314,2353,2644,129,121
12/01/2020-17:40:49.313598-2360,2360,2397,2644,132,122
12/01/2020-17:41:56.641139-2401,2401,2439,2644,132,121
12/01/2020-17:43:04.016643-2441,2439,2482,2644,131,120
12/01/2020-17:44:11.342496-2469,2468,2509,2644,129,121
12/01/2020-17:45:18.670629-2493,2492,2539,2644,130,120
12/01/2020-17:46:26.021774-2513,2511,2562,2643,129,120
12/01/2020-17:47:33.372655-2524,2524,2575,2644,129,120
12/01/2020-17:48:40.723215-2541,2541,2593,2644,129,122
12/01/2020-17:49:48.073246-2557,2555,2607,2644,128,120
12/01/2020-17:50:55.408298-2562,2562,2615,2644,127,120
12/01/2020-17:52:02.732316-2575,2574,2626,2643,127,120
12/01/2020-17:53:10.046810-2581,2580,2631,2643,130,123
12/01/2020-17:54:17.366199-2564,2563,2608,2644,127,122
12/01/2020-17:55:24.763518-2515,2514,2557,2643,128,123
12/01/2020-17:56:32.113497-2475,2474,2517,2644,130,120
12/01/2020-17:57:39.434511-2443,2442,2487,2644,129,122
12/01/2020-17:58:46.802163-2418,2419,2464,2644,127,122
12/01/2020-17:59:54.183884-2404,2404,2448,2644,130,121
12/01/2020-18:01:01.532126-2392,2392,2435,2644,130,122
12/01/2020-18:02:08.842720-2383,2383,2427,2644,128,120
12/01/2020-18:03:16.219753-2379,2378,2422,2644,128,123
12/01/2020-18:04:23.536667-2374,2374,2417,2644,127,122
12/01/2020-18:05:30.842453-2368,2368,2411,2644,129,124
12/01/2020-18:06:38.168791-2365,2364,2408,2644,132,121
12/01/2020-18:07:45.512674-2358,2359,2405,2644,132,121
12/01/2020-18:08:52.863583-2355,2355,2402,2644,129,123
12/01/2020-18:10:00.184456-2356,2355,2393,2644,135,125
12/01/2020-18:11:07.533132-2355,2355,2392,2644,136,124
12/01/2020-18:12:14.855160-2353,2352,2394,2644,132,125
12/01/2020-18:13:22.176125-2349,2350,2393,2643,133,124
12/01/2020-18:14:29.521178-2348,2347,2392,2644,135,124
12/01/2020-18:15:36.844363-2345,2345,2388,2644,133,125
12/01/2020-18:16:44.222142-2342,2342,2385,2644,133,125
12/01/2020-18:17:51.525845-2335,2335,2379,2644,137,127
12/01/2020-18:18:58.844743-2336,2335,2376,2644,136,126
12/01/2020-18:20:06.179444-2332,2332,2373,2644,132,125
12/01/2020-18:21:13.530500-2329,2328,2371,2644,135,126
12/01/2020-18:22:20.879633-2324,2323,2367,2644,137,128
12/01/2020-18:23:28.279225-2322,2322,2366,2644,134,126
12/01/2020-18:24:35.662738-2320,2319,2365,2644,134,124
12/01/2020-18:25:43.013540-2320,2318,2363,2643,135,126
12/01/2020-18:26:50.346531-2317,2318,2361,2644,133,125
12/01/2020-18:27:57.714622-2313,2312,2356,2644,129,124
12/01/2020-18:29:05.080091-2312,2312,2356,2644,133,122
12/01/2020-18:30:12.414652-2312,2312,2355,2644,133,125
12/01/2020-18:31:19.750439-2312,2312,2355,2643,134,125
12/01/2020-18:32:27.117275-2307,2305,2349,2644,134,124
12/01/2020-18:33:34.452040-2304,2304,2347,2644,133,124
12/01/2020-18:34:41.786899-2304,2304,2346,2643,132,125
12/01/2020-18:35:49.120339-2300,2300,2344,2644,133,125
12/01/2020-18:36:56.504115-2331,2331,2370,2644,132,123
12/01/2020-18:38:03.849356-2376,2374,2412,2643,134,125
12/01/2020-18:39:11.189638-2413,2414,2453,2643,132,122
12/01/2020-18:40:18.541061-2454,2452,2493,2643,131,124
12/01/2020-18:41:25.855031-2486,2486,2534,2643,127,120
12/01/2020-18:42:33.146579-2509,2509,2554,2643,129,119
12/01/2020-18:43:40.499683-2524,2524,2571,2643,129,123
12/01/2020-18:44:47.824818-2544,2542,2594,2643,130,122
12/01/2020-18:45:55.119834-2559,2559,2610,2643,131,122
12/01/2020-18:47:02.454742-2568,2568,2623,2642,131,122
12/01/2020-18:48:09.837921-2581,2581,2637,2643,129,122
12/01/2020-18:49:17.141196-2595,2594,2650,2641,131,124
12/01/2020-18:50:24.489463-2586,2586,2643,2643,132,124
12/01/2020-18:51:31.810507-2534,2533,2580,2643,129,123
12/01/2020-18:52:39.114423-2492,2492,2535,2643,130,123
12/01/2020-18:53:46.467890-2455,2455,2502,2643,132,123
12/01/2020-18:54:53.827183-2435,2434,2478,2643,131,124
12/01/2020-18:56:01.151349-2418,2418,2463,2643,131,124
12/01/2020-18:57:08.454463-2405,2404,2449,2643,132,124
12/01/2020-18:58:15.789281-2394,2392,2437,2643,131,121
12/01/2020-18:59:23.124467-2387,2386,2429,2643,130,125
12/01/2020-19:00:30.472583-2384,2383,2425,2643,133,123
12/01/2020-19:01:37.825012-2378,2377,2422,2642,133,123
12/01/2020-19:02:45.145083-2374,2374,2417,2643,131,125
12/01/2020-19:03:52.494798-2371,2370,2414,2643,131,124
12/01/2020-19:04:59.846979-2371,2370,2412,2643,131,123
12/01/2020-19:06:07.161416-2367,2366,2408,2643,132,122
12/01/2020-19:07:14.516990-2363,2363,2406,2643,129,123
12/01/2020-19:08:21.834776-2359,2359,2402,2642,130,122
12/01/2020-19:09:29.183299-2358,2358,2399,2643,129,123
12/01/2020-19:10:36.489218-2353,2352,2393,2643,130,124
12/01/2020-19:11:43.829448-2349,2348,2391,2642,130,123
12/01/2020-19:12:51.201917-2346,2345,2389,2643,129,122
12/01/2020-19:13:58.572838-2344,2342,2388,2644,130,123
12/01/2020-19:15:05.922272-2343,2342,2385,2642,129,122
12/01/2020-19:16:13.258728-2340,2340,2383,2644,130,123
12/01/2020-19:17:20.577527-2342,2341,2381,2643,132,123
12/01/2020-19:18:27.944297-2338,2337,2377,2642,129,121
12/01/2020-19:19:35.253627-2335,2333,2376,2643,129,122
12/01/2020-19:20:42.611748-2332,2332,2375,2642,132,123
12/01/2020-19:21:49.963469-2330,2328,2372,2643,131,123
12/01/2020-19:22:57.328852-2328,2327,2371,2643,130,122
12/01/2020-19:24:04.661652-2323,2323,2367,2642,127,119
12/01/2020-19:25:11.955372-2325,2324,2365,2641,127,119
12/01/2020-19:26:19.271251-2324,2323,2365,2642,129,120
12/01/2020-19:27:26.589968-2321,2320,2364,2641,130,120
12/01/2020-19:28:33.900329-2317,2317,2361,2641,130,119
12/01/2020-19:30:56.946799-2313,2313,2357,2641,132,124
12/01/2020-19:41:25.951882-2303,2303,2343,2643,130,123
12/01/2020-19:47:32.245039-2571,2570,2624,2640,136,127
12/01/2020-19:48:39.642788-2580,2578,2637,2641,129,120
12/01/2020-19:49:46.992557-2573,2573,2629,2641,130,120
12/01/2020-19:50:54.326980-2544,2542,2589,2640,129,122
12/01/2020-19:52:01.677341-2500,2499,2543,2641,129,121
12/01/2020-19:53:09.028532-2465,2465,2503,2642,132,121
12/01/2020-19:54:16.396946-2441,2439,2480,2641,130,122
12/01/2020-19:55:23.734288-2418,2417,2458,2642,132,123
12/01/2020-19:56:31.111366-2405,2404,2444,2641,132,123
12/01/2020-19:57:38.385202-2398,2397,2437,2641,131,122
12/01/2020-19:58:45.768021-2388,2387,2427,2641,133,123
12/01/2020-19:59:53.092597-2381,2379,2422,2642,129,124
12/01/2020-20:01:00.472206-2377,2375,2417,2641,131,122
12/01/2020-20:02:07.785939-2372,2371,2411,2641,132,123
12/01/2020-20:03:15.094850-2368,2366,2410,2642,130,123
12/01/2020-20:04:22.445778-2364,2364,2406,2641,130,122
12/01/2020-20:05:29.796390-2363,2363,2403,2641,131,121
12/01/2020-20:06:37.147656-2360,2360,2402,2641,131,122
12/01/2020-20:07:44.482555-2359,2359,2398,2641,132,122
12/01/2020-20:08:51.847791-2358,2357,2398,2641,129,124
12/01/2020-20:09:59.195323-2357,2357,2397,2642,133,122
12/01/2020-20:11:06.566621-2355,2355,2395,2641,132,122
12/01/2020-20:12:13.893292-2355,2355,2394,2641,129,124
12/01/2020-20:13:21.205111-2353,2352,2391,2641,130,123
12/01/2020-20:14:28.589538-2348,2347,2388,2641,130,123
12/01/2020-20:15:35.942896-2345,2345,2385,2641,131,124
12/01/2020-20:16:43.321523-2344,2343,2384,2641,132,124
12/01/2020-20:17:50.702570-2341,2341,2381,2640,132,122
12/01/2020-20:18:58.039662-2338,2336,2375,2641,130,122
12/01/2020-20:20:05.389382-2334,2333,2375,2641,132,124
12/01/2020-20:21:12.733826-2331,2331,2370,2641,130,122
12/01/2020-20:22:20.074591-2327,2328,2370,2640,129,123
12/01/2020-20:23:27.427578-2322,2322,2366,2641,132,122
12/01/2020-20:24:34.793844-2322,2322,2365,2640,131,124
12/01/2020-20:25:42.129062-2323,2322,2365,2640,133,124
12/01/2020-20:26:49.495661-2321,2319,2361,2641,130,124
12/01/2020-20:27:56.847670-2317,2317,2357,2641,130,123
12/01/2020-20:29:04.230422-2315,2314,2356,2641,132,122
12/01/2020-20:30:11.615910-2315,2314,2355,2640,132,122
12/01/2020-20:31:18.979734-2309,2309,2352,2640,130,123
12/01/2020-20:32:26.330470-2303,2303,2346,2640,130,121
12/01/2020-20:33:33.728756-2302,2301,2345,2640,130,122
12/01/2020-20:34:41.080109-2303,2302,2343,2641,132,124
12/01/2020-20:35:48.430997-2300,2300,2342,2640,130,122
12/01/2020-20:36:55.799012-2295,2294,2338,2640,130,121
12/01/2020-20:38:03.196414-2294,2294,2337,2640,130,123
12/01/2020-20:39:10.549004-2331,2330,2367,2640,129,121
12/01/2020-20:40:17.897937-2376,2375,2412,2639,131,123
12/01/2020-20:41:25.250320-2416,2416,2458,2640,131,123
12/01/2020-20:42:32.617027-2450,2449,2491,2640,126,120
12/01/2020-20:43:39.967772-2479,2478,2525,2640,130,124
12/01/2020-20:44:47.335014-2506,2506,2557,2640,131,123
12/01/2020-20:45:54.718030-2527,2525,2576,2639,131,123
12/01/2020-20:47:02.084288-2532,2532,2584,2639,132,121
12/01/2020-20:48:09.465870-2548,2547,2605,2639,130,122
12/01/2020-20:49:16.817913-2562,2559,2614,2638,130,122
12/01/2020-20:50:24.185416-2573,2573,2624,2639,130,123
12/01/2020-20:51:31.536009-2580,2578,2631,2639,129,124
12/01/2020-20:52:38.903033-2568,2570,2622,2639,130,123
12/01/2020-20:53:46.253566-2521,2519,2567,2639,130,124
12/01/2020-20:54:53.605061-2477,2475,2518,2639,133,124
12/01/2020-20:56:01.004124-2447,2447,2487,2639,134,123
12/01/2020-20:57:08.386628-2427,2427,2466,2639,128,122
12/01/2020-20:58:15.769198-2409,2409,2450,2639,131,121
12/01/2020-20:59:23.137044-2392,2392,2438,2639,132,123
12/01/2020-21:00:30.504156-2383,2382,2426,2639,131,121
12/01/2020-21:01:37.870856-2377,2377,2420,2640,129,123
12/01/2020-21:02:45.236912-2369,2369,2414,2640,132,124
12/01/2020-21:03:52.620979-2363,2364,2408,2639,132,124
12/01/2020-21:04:59.971878-2359,2360,2403,2639,130,125
12/01/2020-21:06:07.306432-2355,2354,2398,2640,132,123
12/01/2020-21:07:14.690113-2349,2349,2393,2640,130,124
12/01/2020-21:08:22.056896-2348,2347,2390,2639,130,124
12/01/2020-21:09:29.407493-2344,2343,2385,2639,129,124
12/01/2020-21:10:36.773562-2341,2340,2383,2640,132,122
12/01/2020-21:11:44.140916-2337,2336,2380,2639,130,123
12/01/2020-21:12:51.476580-2334,2333,2378,2639,131,124
12/01/2020-21:13:58.843564-2327,2328,2372,2639,132,122
12/01/2020-21:15:06.210610-2326,2327,2371,2639,131,122
12/01/2020-21:16:13.560883-2327,2327,2367,2639,134,123
12/01/2020-21:17:20.912062-2326,2325,2366,2639,132,124
12/01/2020-21:18:28.278075-2323,2322,2366,2639,131,124
12/01/2020-21:19:35.629407-2354,2352,2390,2639,131,123
12/01/2020-21:20:43.012123-2396,2396,2432,2639,132,125
12/01/2020-21:21:50.380270-2440,2438,2480,2639,132,122
12/01/2020-21:22:57.731277-2469,2469,2516,2639,132,124
12/01/2020-21:24:05.097830-2499,2498,2548,2639,129,124
12/01/2020-21:25:12.465002-2527,2526,2575,2639,132,124
12/01/2020-21:26:19.815461-2547,2546,2598,2639,132,121
12/01/2020-21:27:27.166585-2567,2565,2615,2639,132,124
12/01/2020-21:28:34.502239-2575,2572,2629,2639,132,124
12/01/2020-21:29:41.852651-2585,2584,2639,2639,129,121
12/01/2020-21:30:49.219999-2589,2587,2645,2639,129,122
12/01/2020-21:31:56.555087-2596,2595,2648,2639,129,123
12/01/2020-21:33:03.921610-2610,2609,2661,2639,131,123
12/01/2020-21:34:11.273582-2610,2609,2669,2639,129,124
12/01/2020-21:35:18.638806-2620,2620,2674,2639,132,121
12/01/2020-21:36:26.022875-2626,2626,2681,2639,129,122
12/01/2020-21:37:33.390594-2639,2638,2695,2639,131,124
12/01/2020-21:38:40.757953-2638,2638,2691,2639,129,123
12/01/2020-21:39:48.124426-2638,2638,2695,2639,130,121
12/01/2020-21:40:55.476786-2654,2653,2709,2639,128,124
12/01/2020-21:42:02.827304-2652,2651,2712,2639,132,122
12/01/2020-21:43:10.178325-2625,2625,2674,2639,129,123
12/01/2020-21:44:17.529573-2576,2577,2621,2639,129,123
12/01/2020-21:45:24.880772-2541,2541,2579,2640,132,124
12/01/2020-21:46:32.263460-2508,2506,2549,2640,132,125
12/01/2020-21:47:39.614823-2486,2487,2530,2640,132,121
12/01/2020-21:48:46.965685-2472,2470,2514,2640,130,122
12/01/2020-21:49:54.316294-2458,2457,2504,2640,130,123
12/01/2020-21:51:01.698458-2449,2448,2494,2640,129,123
12/01/2020-21:52:09.065415-2440,2439,2486,2640,132,122
12/01/2020-21:53:16.418090-2435,2434,2482,2640,129,123
12/01/2020-21:54:23.785003-2428,2428,2476,2640,129,123
12/01/2020-21:55:31.152503-2420,2420,2470,2640,131,123
12/01/2020-21:56:38.534958-2422,2421,2467,2640,133,124
12/01/2020-21:57:45.885286-2418,2417,2464,2640,130,122
12/01/2020-21:58:53.221077-2418,2418,2462,2640,132,124
12/01/2020-22:00:00.588575-2415,2415,2458,2640,131,124
12/01/2020-22:01:07.923778-2415,2415,2459,2640,129,123
12/01/2020-22:02:15.305991-2406,2406,2453,2640,132,125
12/01/2020-22:03:22.689501-2403,2402,2447,2640,130,123
12/01/2020-22:04:30.056913-2395,2395,2444,2640,130,124
12/01/2020-22:05:37.425013-2417,2417,2461,2640,131,124
12/01/2020-22:06:44.807471-2460,2459,2502,2640,133,125
12/01/2020-22:07:52.174009-2498,2497,2544,2640,131,125
12/01/2020-22:08:59.541658-2529,2529,2579,2640,133,124
12/01/2020-22:10:06.924296-2555,2554,2606,2640,129,124
12/01/2020-22:11:14.291779-2582,2581,2633,2640,129,124
12/01/2020-22:12:21.658791-2593,2593,2647,2640,128,123
12/01/2020-22:13:29.024601-2617,2617,2670,2639,131,123
12/01/2020-22:14:36.408720-2635,2634,2685,2640,132,122
12/01/2020-22:15:43.759466-2642,2640,2699,2640,130,122
12/01/2020-22:16:51.126765-2648,2646,2708,2640,130,122
12/01/2020-22:17:58.492862-2654,2652,2712,2640,132,122
12/01/2020-22:19:05.860794-2668,2666,2723,2640,132,123
12/01/2020-22:20:13.244051-2670,2669,2730,2640,132,123
12/01/2020-22:21:20.627132-2677,2677,2734,2640,132,123
12/01/2020-22:22:27.961235-2686,2683,2747,2640,129,124
12/01/2020-22:23:35.313139-2687,2688,2747,2640,129,122
12/01/2020-22:24:42.664471-2687,2687,2746,2640,130,122
12/01/2020-22:25:50.015312-2651,2650,2691,2640,131,123
12/01/2020-22:26:57.366740-2608,2608,2646,2641,132,123
12/01/2020-22:28:04.733294-2573,2572,2610,2640,132,123
12/01/2020-22:29:12.085576-2544,2542,2587,2641,131,124
12/01/2020-22:30:19.452125-2525,2524,2566,2641,130,124
12/01/2020-22:31:26.803864-2510,2510,2556,2641,131,123
12/01/2020-22:32:34.155426-2500,2500,2548,2641,128,122
12/01/2020-22:33:41.539701-2490,2489,2538,2641,131,123
12/01/2020-22:34:48.889888-2480,2480,2529,2641,131,122
12/01/2020-22:35:56.273699-2473,2473,2520,2641,130,123
12/01/2020-22:37:03.655930-2469,2469,2516,2641,131,124
12/01/2020-22:38:11.007937-2467,2466,2513,2641,139,126
12/01/2020-22:39:18.374736-2461,2461,2508,2641,139,126
12/01/2020-22:40:25.758186-2459,2459,2505,2641,137,128
12/01/2020-22:41:33.094163-2455,2454,2503,2641,136,129
12/01/2020-22:42:40.461646-2450,2451,2498,2641,138,129
12/01/2020-22:43:47.844312-2447,2447,2495,2641,137,127
12/01/2020-22:44:55.211067-2447,2446,2491,2641,139,129
12/01/2020-22:46:02.562296-2444,2442,2485,2641,139,126
12/01/2020-22:47:09.929167-2441,2441,2485,2641,138,125
12/01/2020-22:48:17.264873-2437,2437,2480,2641,139,126
12/01/2020-22:49:24.600240-2437,2436,2482,2641,140,128
12/01/2020-22:50:31.967444-2438,2437,2482,2641,137,129
12/01/2020-22:51:39.334170-2431,2430,2475,2641,136,129
12/01/2020-22:52:46.716643-2428,2428,2472,2641,141,127
12/01/2020-22:53:54.101009-2421,2421,2472,2641,139,129
12/01/2020-22:55:01.484681-2456,2455,2498,2641,136,126
12/01/2020-22:56:08.849454-2496,2496,2536,2641,138,126
12/01/2020-22:57:16.249763-2532,2532,2576,2640,139,128
12/01/2020-22:58:23.616922-2567,2567,2611,2640,137,127
12/01/2020-22:59:30.998941-2590,2589,2643,2640,135,129
12/01/2020-23:00:38.382592-2609,2608,2663,2640,135,127
12/01/2020-23:01:45.750173-2629,2627,2682,2640,136,128
12/01/2020-23:02:53.117203-2638,2637,2694,2640,137,126
12/01/2020-23:04:00.485005-2658,2657,2715,2640,138,128
12/01/2020-23:05:07.852248-2669,2668,2728,2640,139,129
12/01/2020-23:06:15.202868-2681,2678,2742,2640,137,128
12/01/2020-23:07:22.570472-2682,2679,2742,2640,137,126
12/01/2020-23:08:29.905931-2688,2688,2749,2640,141,128
12/01/2020-23:09:37.289087-2707,2705,2764,2640,139,129
12/01/2020-23:10:44.639653-2708,2706,2763,2640,137,127
12/01/2020-23:11:52.022210-2705,2704,2762,2641,138,127
12/01/2020-23:12:59.406729-2674,2673,2708,2641,138,126
12/01/2020-23:14:06.773448-2626,2626,2670,2641,139,129
12/01/2020-23:15:14.125087-2591,2590,2628,2641,139,127
12/01/2020-23:16:21.476130-2564,2564,2608,2641,138,127
12/01/2020-23:17:28.842502-2541,2541,2588,2641,140,129
12/01/2020-23:18:36.210529-2528,2528,2572,2641,141,126
12/01/2020-23:19:43.608352-2514,2514,2563,2641,138,126
12/01/2020-23:20:50.944987-2504,2502,2553,2641,137,128
12/01/2020-23:21:58.296241-2497,2497,2545,2641,136,129
12/01/2020-23:23:05.663988-2486,2485,2538,2641,135,128
12/01/2020-23:24:13.030998-2478,2478,2527,2641,138,128
12/01/2020-23:25:20.382013-2479,2478,2525,2641,138,126
