12/01/2020-00:22:36.079732-4377,4383,4359,2749,133,123
12/01/2020-00:23:43.430385-4286,4296,4267,2750,134,129
12/01/2020-00:24:50.798474-4223,4226,4138,2750,137,130
12/01/2020-00:25:58.181951-4142,4148,4003,2749,134,127
12/01/2020-00:27:05.549764-4017,4026,3898,2749,136,129
12/01/2020-00:28:12.884537-3953,3956,3791,2749,137,117
12/01/2020-00:29:20.219657-3851,3854,3693,2749,135,131
12/01/2020-00:30:27.570146-3744,3746,3595,2749,134,113
12/01/2020-00:31:34.937336-3662,3666,3499,2749,135,132
12/01/2020-00:32:42.303819-3595,3598,3420,2749,138,094
12/01/2020-00:33:49.672084-3516,3520,3329,2748,136,132
12/01/2020-00:34:57.039198-3471,3473,3271,2748,138,119
12/01/2020-00:36:04.438100-3415,3417,3221,2748,134,124
12/01/2020-00:37:11.805506-3353,3356,3177,2748,136,126
12/01/2020-00:38:19.204619-3299,3302,3144,2748,134,132
12/01/2020-00:39:26.571823-3251,3254,3097,2749,138,092
12/01/2020-00:40:33.938414-3207,3210,3057,2748,135,098
12/01/2020-00:41:41.304005-3169,3173,3025,2749,138,129
12/01/2020-00:42:48.671261-3125,3128,2983,2749,136,118
12/01/2020-00:43:56.055441-3080,3080,2965,2748,136,132
12/01/2020-00:45:03.406322-3236,3244,3177,2749,137,090
12/01/2020-00:46:10.773297-3574,3581,3553,2748,134,127
12/01/2020-00:47:18.170931-3920,3925,3937,2748,134,116
12/01/2020-00:48:25.554197-4214,4219,4260,2748,135,120
12/01/2020-00:49:32.921515-4442,4445,4489,2748,137,110
12/01/2020-00:50:40.303723-4616,4618,4665,2748,135,122
12/01/2020-00:51:47.670524-4745,4748,4794,2749,134,113
12/01/2020-00:52:55.022317-4843,4843,4885,2748,135,117
12/01/2020-00:54:02.388671-4919,4917,4954,2749,134,117
12/01/2020-00:55:09.739542-4973,4973,5001,2749,135,122
12/01/2020-00:56:17.074768-5018,5020,5046,2749,133,123
12/01/2020-00:57:24.442231-5050,5047,5075,2749,133,120
12/01/2020-00:58:31.793558-5076,5076,5098,2749,133,115
12/01/2020-00:59:39.175748-5098,5098,5113,2749,135,117
12/01/2020-01:00:46.526920-5115,5115,5129,2750,135,123
12/01/2020-01:01:53.862963-5125,5124,5138,2750,133,123
12/01/2020-01:03:01.229630-5140,5138,5148,2750,133,116
12/01/2020-01:04:08.612591-5126,5124,5141,2751,135,124
12/01/2020-01:05:15.948277-5001,5010,5015,2750,134,125
12/01/2020-01:06:23.329848-4874,4885,4844,2751,135,116
12/01/2020-01:07:30.712712-4763,4765,4665,2750,133,126
12/01/2020-01:08:38.065384-4602,4611,4479,2750,133,114
12/01/2020-01:09:45.416078-4469,4482,4314,2751,133,124
12/01/2020-01:10:52.750237-4372,4370,4128,2751,134,113
12/01/2020-01:12:00.116991-4189,4194,4010,2750,134,113
12/01/2020-01:13:07.469784-4090,4093,3868,2750,134,129
12/01/2020-01:14:14.820808-3986,3990,3780,2750,135,131
12/01/2020-01:15:22.172076-3891,3895,3675,2750,138,111
12/01/2020-01:16:29.539024-3814,3818,3568,2750,134,104
12/01/2020-01:17:36.890385-3726,3731,3489,2750,133,131
12/01/2020-01:18:44.240401-3653,3658,3411,2750,137,132
12/01/2020-01:19:51.623793-3578,3584,3347,2750,136,105
12/01/2020-01:20:58.991339-3510,3516,3282,2750,138,114
12/01/2020-01:22:06.358692-3450,3452,3233,2751,134,115
12/01/2020-01:23:13.726699-3394,3397,3183,2750,136,096
12/01/2020-01:24:21.092623-3338,3340,3137,2750,134,131
12/01/2020-01:25:28.428505-3291,3295,3096,2749,138,114
12/01/2020-01:26:35.828393-3246,3249,3059,2750,139,107
12/01/2020-01:27:43.180152-3205,3209,3034,2750,138,100
12/01/2020-01:28:50.546544-3170,3173,3004,2750,134,130
12/01/2020-01:29:57.913172-3136,3138,2981,2749,138,121
12/01/2020-01:31:05.248830-3105,3108,2957,2749,134,112
12/01/2020-01:32:12.616083-3073,3076,2934,2749,135,112
12/01/2020-01:33:19.983419-3045,3049,2914,2749,136,111
12/01/2020-01:34:27.350643-3013,3016,2891,2749,134,117
12/01/2020-01:35:34.718388-2992,2995,2886,2749,135,130
12/01/2020-01:36:42.084433-2972,2975,2874,2749,139,110
12/01/2020-01:37:49.451853-3073,3081,3010,2749,135,132
12/01/2020-01:38:56.803699-3420,3431,3389,2748,138,131
12/01/2020-01:40:04.186859-3788,3793,3800,2748,138,130
12/01/2020-01:41:11.535861-4105,4108,4145,2749,136,116
12/01/2020-01:42:18.904435-4354,4356,4406,2748,137,123
12/01/2020-01:43:26.255394-4547,4550,4605,2748,135,127
12/01/2020-01:44:33.591144-4691,4691,4742,2749,133,125
12/01/2020-01:45:40.972650-4801,4799,4847,2748,135,126
12/01/2020-01:46:48.324146-4883,4883,4922,2748,135,122
12/01/2020-01:47:55.691488-4946,4946,4977,2748,134,119
12/01/2020-01:49:03.042451-4997,4996,5022,2749,133,126
12/01/2020-01:50:10.424711-5039,5037,5053,2749,133,118
12/01/2020-01:51:17.792458-5068,5067,5077,2749,132,125
12/01/2020-01:52:25.143036-5096,5095,5101,2749,135,123
12/01/2020-01:53:32.526388-5114,5112,5114,2749,134,119
12/01/2020-01:54:39.893100-5131,5131,5129,2750,134,115
12/01/2020-01:55:47.228259-5133,5133,5138,2750,135,124
12/01/2020-01:56:54.595499-5029,5030,5027,2750,134,120
12/01/2020-01:58:01.962572-4901,4904,4872,2750,135,118
12/01/2020-01:59:09.362070-4752,4762,4708,2750,134,122
12/01/2020-02:00:16.744700-4614,4622,4523,2750,132,127
12/01/2020-02:01:24.111008-4533,4531,4325,2750,134,119
12/01/2020-02:02:31.462888-4398,4404,4169,2750,135,118
12/01/2020-02:03:38.815119-4263,4266,4009,2750,137,124
12/01/2020-02:04:46.181812-4143,4147,3883,2749,135,125
12/01/2020-02:05:53.580927-4043,4050,3787,2749,134,106
12/01/2020-02:07:00.948819-3939,3943,3665,2749,134,110
12/01/2020-02:08:08.283275-3843,3847,3572,2749,134,131
12/01/2020-02:09:15.618966-3758,3763,3495,2750,133,109
12/01/2020-02:10:22.970385-3683,3688,3428,2749,138,122
12/01/2020-02:11:30.320807-3611,3615,3360,2749,136,124
12/01/2020-02:12:37.689584-3545,3549,3310,2749,138,129
12/01/2020-02:13:45.025215-3487,3489,3260,2748,136,130
12/01/2020-02:14:52.392007-3431,3434,3205,2748,133,099
12/01/2020-02:15:59.727155-3377,3379,3163,2748,138,128
12/01/2020-02:17:07.079024-3324,3327,3124,2748,137,117
12/01/2020-02:18:14.430509-3283,3285,3097,2749,138,124
12/01/2020-02:19:21.781796-3242,3245,3063,2748,135,101
12/01/2020-02:20:29.150242-3201,3205,3035,2749,134,095
12/01/2020-02:21:36.499556-3159,3163,3004,2749,136,128
12/01/2020-02:22:43.866888-3124,3126,2970,2748,134,108
12/01/2020-02:23:51.265971-3085,3090,2955,2748,135,120
12/01/2020-02:24:58.618043-3060,3061,2930,2748,135,095
12/01/2020-02:26:05.999783-3032,3035,2912,2748,140,109
12/01/2020-02:27:13.400309-3009,3013,2900,2748,133,101
12/01/2020-02:28:20.767960-2987,2989,2887,2748,139,121
12/01/2020-02:29:28.119551-2966,2970,2874,2747,138,123
12/01/2020-02:30:35.486947-2944,2948,2862,2747,134,132
12/01/2020-02:31:42.838458-2929,2933,2851,2747,138,128
12/01/2020-02:32:50.204098-2913,2917,2841,2747,137,113
12/01/2020-02:33:57.589308-2896,2900,2828,2747,134,127
12/01/2020-02:35:04.940160-2884,2886,2817,2747,135,127
12/01/2020-02:36:12.307811-2863,2866,2796,2747,138,103
12/01/2020-02:37:19.674697-2847,2850,2792,2747,138,131
12/01/2020-02:38:27.041468-2850,2858,2804,2747,135,116
12/01/2020-02:39:34.377133-3142,3153,3099,2747,135,132
12/01/2020-02:40:41.743121-3540,3549,3527,2746,137,129
12/01/2020-02:41:49.111898-3905,3909,3924,2746,135,112
12/01/2020-02:42:56.479112-4192,4203,4239,2745,138,127
12/01/2020-02:44:03.829934-4424,4427,4465,2746,135,113
12/01/2020-02:45:11.197358-4595,4598,4641,2746,135,128
12/01/2020-02:46:18.580143-4728,4728,4761,2746,134,117
12/01/2020-02:47:25.900598-4827,4828,4856,2746,135,124
12/01/2020-02:48:33.220572-4904,4904,4925,2746,134,115
12/01/2020-02:49:40.539642-4966,4965,4978,2746,135,117
12/01/2020-02:50:47.874704-5011,5010,5020,2746,133,125
12/01/2020-02:51:55.258237-5049,5048,5052,2747,134,116
12/01/2020-02:53:02.641375-5082,5080,5083,2747,134,126
12/01/2020-02:54:10.009165-5107,5104,5112,2747,133,118
12/01/2020-02:55:17.360463-5127,5127,5130,2746,134,120
12/01/2020-02:56:24.727584-5094,5089,5100,2747,135,116
12/01/2020-02:57:32.095355-4973,4976,4964,2747,134,124
12/01/2020-02:58:39.479083-4811,4822,4797,2748,133,126
12/01/2020-02:59:46.813535-4694,4696,4613,2747,133,116
12/01/2020-03:00:54.165507-4571,4577,4417,2746,136,120
12/01/2020-03:02:01.563532-4429,4435,4226,2747,135,114
12/01/2020-03:03:08.932054-4289,4289,4075,2747,135,128
12/01/2020-03:04:16.299832-4177,4175,3948,2747,134,113
12/01/2020-03:05:23.650937-4065,4068,3831,2746,134,111
12/01/2020-03:06:30.986123-3971,3975,3718,2746,138,121
12/01/2020-03:07:38.337590-3880,3883,3618,2746,138,112
12/01/2020-03:08:45.640791-3792,3796,3527,2746,138,130
12/01/2020-03:09:52.974948-3708,3712,3458,2746,136,123
12/01/2020-03:11:00.334326-3628,3632,3380,2746,134,111
12/01/2020-03:12:07.694946-3554,3557,3310,2746,137,127
12/01/2020-03:13:15.026408-3494,3497,3259,2746,135,129
12/01/2020-03:14:22.322741-3433,3437,3211,2746,138,106
12/01/2020-03:15:29.715983-3382,3385,3177,2747,138,132
12/01/2020-03:16:37.036354-3320,3327,3127,2746,138,110
12/01/2020-03:17:44.371845-3269,3272,3079,2747,135,126
12/01/2020-03:18:51.707477-3229,3233,3047,2745,135,113
12/01/2020-03:19:59.058879-3192,3195,3026,2745,138,130
12/01/2020-03:21:06.423888-3152,3154,2991,2745,139,126
12/01/2020-03:22:13.793367-3119,3122,2969,2745,137,130
12/01/2020-03:23:21.160858-3089,3091,2951,2745,137,116
12/01/2020-03:24:28.462154-3064,3065,2934,2745,138,130
12/01/2020-03:25:35.782695-3037,3041,2918,2745,136,127
12/01/2020-03:26:43.119266-3015,3017,2901,2744,135,114
12/01/2020-03:27:50.492328-2991,2993,2890,2744,137,128
12/01/2020-03:28:57.884131-2967,2970,2880,2744,139,125
12/01/2020-03:30:05.183643-2947,2949,2867,2744,137,110
12/01/2020-03:31:12.538825-2926,2930,2850,2744,139,109
12/01/2020-03:32:19.904626-2902,2905,2839,2744,138,123
12/01/2020-03:33:27.239722-2892,2894,2825,2743,137,118
12/01/2020-03:34:34.592856-2869,2873,2812,2743,138,131
12/01/2020-03:35:41.961911-2854,2855,2796,2743,139,110
12/01/2020-03:36:49.329468-2841,2844,2786,2743,139,111
12/01/2020-03:37:56.679929-2827,2830,2774,2743,137,127
12/01/2020-03:39:04.015751-2813,2814,2762,2743,137,129
12/01/2020-03:40:11.356691-2796,2798,2750,2743,138,128
12/01/2020-03:41:18.662108-2781,2785,2731,2742,135,117
12/01/2020-03:42:26.021933-2771,2774,2725,2742,137,114
12/01/2020-03:43:33.389471-2951,2963,2907,2742,136,125
12/01/2020-03:44:40.692807-3350,3361,3327,2742,138,118
12/01/2020-03:45:48.027991-3744,3755,3752,2741,135,131
12/01/2020-03:46:55.363194-4071,4073,4100,2741,136,130
12/01/2020-03:48:02.730675-4325,4331,4362,2741,134,126
12/01/2020-03:49:10.097841-4524,4524,4555,2741,134,121
12/01/2020-03:50:17.416780-4669,4669,4703,2741,134,125
12/01/2020-03:51:24.784326-4781,4782,4808,2743,135,119
12/01/2020-03:52:32.121628-4868,4868,4883,2742,133,124
12/01/2020-03:53:39.437485-4936,4935,4952,2742,135,124
12/01/2020-03:54:46.769318-4988,4989,5006,2742,134,122
12/01/2020-03:55:54.093651-5033,5030,5043,2742,134,120
12/01/2020-03:57:01.429135-5059,5057,5077,2743,133,122
12/01/2020-03:58:08.764133-5091,5089,5103,2742,134,124
12/01/2020-03:59:16.115300-5111,5110,5125,2743,135,121
12/01/2020-04:00:23.482831-5130,5125,5138,2743,134,123
12/01/2020-04:01:30.850874-5015,5010,5040,2743,135,121
12/01/2020-04:02:38.138013-4927,4929,4882,2743,134,117
12/01/2020-04:03:45.445406-4795,4799,4712,2743,135,125
12/01/2020-04:04:52.776599-4629,4638,4532,2743,134,126
12/01/2020-04:06:00.085520-4521,4523,4333,2744,133,127
12/01/2020-04:07:07.479300-4405,4405,4141,2742,133,127
12/01/2020-04:08:14.814254-4265,4266,3996,2743,135,117
12/01/2020-04:09:22.181189-4150,4152,3852,2742,134,128
12/01/2020-04:10:29.532617-4025,4028,3737,2741,136,115
12/01/2020-04:11:36.864039-3927,3931,3625,2742,137,129
12/01/2020-04:12:44.187810-3829,3833,3549,2743,134,126
12/01/2020-04:13:51.554328-3740,3744,3466,2743,135,125
12/01/2020-04:14:58.898575-3656,3660,3389,2742,134,105
12/01/2020-04:16:06.290053-3583,3587,3336,2742,137,128
12/01/2020-04:17:13.657500-3512,3516,3274,2742,137,130
12/01/2020-04:18:21.024738-3450,3453,3221,2742,134,131
12/01/2020-04:19:28.359177-3392,3396,3180,2742,135,121
12/01/2020-04:20:35.677626-3340,3343,3136,2743,137,126
12/01/2020-04:21:43.082239-3292,3295,3097,2743,136,113
12/01/2020-04:22:50.448270-3246,3249,3056,2743,136,120
12/01/2020-04:23:57.797119-3207,3209,3027,2742,135,108
12/01/2020-04:25:05.131443-3173,3174,2999,2742,138,131
12/01/2020-04:26:12.468044-3137,3139,2978,2742,134,120
12/01/2020-04:27:19.834414-3106,3109,2953,2741,137,128
12/01/2020-04:28:27.201789-3077,3080,2933,2741,137,128
12/01/2020-04:29:34.540946-3048,3049,2917,2741,138,130
12/01/2020-04:30:41.904740-3024,3027,2912,2741,136,127
12/01/2020-04:31:49.239888-3000,3004,2891,2741,139,130
12/01/2020-04:32:56.606853-2980,2983,2884,2740,137,115
12/01/2020-04:34:03.974316-2960,2962,2870,2741,135,115
12/01/2020-04:35:11.309253-2939,2942,2858,2740,139,120
12/01/2020-04:36:18.644833-2921,2923,2841,2740,135,126
12/01/2020-04:37:25.980282-2904,2906,2822,2740,136,112
12/01/2020-04:38:33.299894-2885,2888,2816,2740,138,126
12/01/2020-04:39:40.634736-2869,2872,2799,2739,136,116
12/01/2020-04:40:47.968962-2852,2855,2792,2740,138,126
12/01/2020-04:41:55.302728-2835,2838,2779,2739,138,115
12/01/2020-04:43:02.603782-2821,2823,2767,2739,138,129
12/01/2020-04:44:09.959259-2808,2810,2756,2738,138,128
12/01/2020-04:45:17.289497-2793,2796,2741,2738,137,121
12/01/2020-04:46:24.628384-2780,2781,2728,2738,134,110
12/01/2020-04:47:31.981043-2766,2767,2722,2738,137,111
12/01/2020-04:48:39.317445-2771,2776,2732,2738,135,129
12/01/2020-04:49:46.647855-3077,3091,3035,2738,137,116
12/01/2020-04:50:53.985053-3493,3504,3480,2738,136,130
12/01/2020-04:52:01.351947-3865,3870,3876,2738,135,129
12/01/2020-04:53:08.703980-4167,4174,4195,2738,135,125
12/01/2020-04:54:16.030260-4400,4403,4433,2737,134,123
12/01/2020-04:55:23.393989-4580,4579,4608,2738,133,120
12/01/2020-04:56:30.790053-4714,4715,4748,2738,135,116
12/01/2020-04:57:38.153057-4818,4818,4851,2738,133,120
12/01/2020-04:58:45.476568-4899,4898,4926,2738,134,121
12/01/2020-04:59:52.842830-4955,4954,4987,2738,134,116
12/01/2020-05:01:00.209316-5002,5001,5027,2738,134,120
12/01/2020-05:02:07.514812-5043,5043,5062,2739,133,124
12/01/2020-05:03:14.853955-5076,5073,5091,2739,132,122
12/01/2020-05:04:22.200592-5098,5096,5116,2739,134,124
12/01/2020-05:05:29.534971-5118,5116,5133,2739,133,123
12/01/2020-05:06:36.869602-5124,5121,5139,2739,133,122
12/01/2020-05:07:44.199003-5015,5017,5021,2739,132,116
12/01/2020-05:08:51.589737-4844,4858,4867,2740,134,119
12/01/2020-05:09:58.939180-4710,4716,4703,2739,133,122
12/01/2020-05:11:06.285364-4637,4638,4485,2739,133,114
12/01/2020-05:12:13.615575-4483,4487,4300,2739,134,124
12/01/2020-05:13:20.946925-4362,4363,4130,2739,136,110
12/01/2020-05:14:28.313366-4242,4242,3955,2739,134,114
12/01/2020-05:15:35.633690-4089,4097,3838,2738,137,122
12/01/2020-05:16:43.010124-4000,4003,3736,2738,137,111
12/01/2020-05:17:50.352255-3903,3905,3633,2739,137,129
12/01/2020-05:18:57.672363-3812,3815,3525,2739,135,131
12/01/2020-05:20:05.005100-3719,3724,3435,2739,135,105
12/01/2020-05:21:12.324247-3643,3645,3361,2738,136,114
12/01/2020-05:22:19.677924-3570,3574,3318,2739,134,131
12/01/2020-05:23:26.996750-3502,3508,3273,2738,138,131
12/01/2020-05:24:34.363994-3448,3451,3231,2738,137,105
12/01/2020-05:25:41.658004-3389,3392,3171,2738,137,130
12/01/2020-05:26:49.034405-3339,3342,3129,2739,138,102
12/01/2020-05:27:56.371589-3289,3292,3093,2738,137,129
12/01/2020-05:29:03.751136-3247,3250,3051,2738,136,119
12/01/2020-05:30:11.088123-3205,3207,3014,2738,137,130
12/01/2020-05:31:18.390170-3162,3166,2986,2738,137,128
12/01/2020-05:32:25.710745-3130,3133,2965,2738,136,130
12/01/2020-05:33:33.046138-3100,3101,2948,2738,135,130
12/01/2020-05:34:40.381298-3070,3072,2922,2737,137,109
12/01/2020-05:35:47.748596-3044,3047,2909,2737,136,130
12/01/2020-05:36:55.080249-3020,3023,2895,2737,135,130
12/01/2020-05:38:02.439160-2996,2997,2870,2737,137,127
12/01/2020-05:39:09.831978-2972,2976,2853,2737,137,111
12/01/2020-05:40:17.153442-2953,2955,2839,2737,136,124
12/01/2020-05:41:24.504684-2933,2935,2821,2736,138,120
12/01/2020-05:42:31.823033-2915,2918,2810,2737,135,129
12/01/2020-05:43:39.159369-2898,2901,2804,2736,137,126
12/01/2020-05:44:46.509290-2882,2886,2791,2736,136,128
12/01/2020-05:45:53.852358-2866,2868,2782,2736,136,125
12/01/2020-05:47:01.213884-2852,2855,2775,2736,137,116
12/01/2020-05:48:08.545091-2834,2837,2770,2736,136,118
12/01/2020-05:49:15.842278-2821,2822,2762,2736,139,111
12/01/2020-05:50:23.208236-2806,2808,2753,2735,135,123
12/01/2020-05:51:30.584714-2793,2793,2741,2735,138,117
12/01/2020-05:52:37.933737-2778,2780,2729,2735,138,112
12/01/2020-05:53:45.271111-2766,2770,2724,2735,136,117
12/01/2020-05:54:52.638017-3048,3061,3000,2735,137,111
12/01/2020-05:56:00.035497-3461,3470,3440,2735,138,116
12/01/2020-05:57:07.388481-3841,3848,3850,2734,134,107
12/01/2020-05:58:14.740053-4150,4157,4177,2735,134,128
12/01/2020-05:59:22.089883-4390,4393,4426,2735,134,125
12/01/2020-06:00:29.442742-4574,4574,4614,2735,134,127
12/01/2020-06:01:36.778057-4715,4716,4757,2735,134,114
12/01/2020-06:02:44.145032-4818,4818,4857,2735,133,118
12/01/2020-06:03:51.446952-4894,4894,4931,2735,132,125
12/01/2020-06:04:58.768180-4956,4955,4991,2735,132,124
12/01/2020-06:06:06.105340-5008,5005,5032,2735,134,116
12/01/2020-06:07:13.438195-5043,5041,5069,2736,132,124
12/01/2020-06:08:20.805675-5081,5081,5097,2736,133,124
12/01/2020-06:09:28.157126-5102,5101,5122,2736,132,125
12/01/2020-06:10:35.476523-5122,5120,5140,2736,133,116
12/01/2020-06:11:42.816982-5140,5137,5158,2736,133,124
12/01/2020-06:12:50.130749-5094,5088,5126,2736,135,123
12/01/2020-06:13:57.482106-4975,4977,4972,2736,134,123
12/01/2020-06:15:04.865559-4798,4808,4820,2737,134,124
12/01/2020-06:16:12.168870-4715,4722,4615,2736,132,125
12/01/2020-06:17:19.539542-4597,4600,4417,2736,133,126
12/01/2020-06:18:26.905942-4469,4470,4222,2736,132,127
12/01/2020-06:19:34.265577-4331,4328,4043,2736,135,126
12/01/2020-06:20:41.624242-4201,4203,3883,2735,136,109
12/01/2020-06:21:49.019847-4079,4083,3762,2735,136,127
12/01/2020-06:22:56.372325-3970,3974,3683,2735,136,130
12/01/2020-06:24:03.707230-3874,3878,3573,2736,137,113
12/01/2020-06:25:11.027034-3782,3785,3484,2735,135,122
12/01/2020-06:26:18.362502-3700,3704,3412,2735,137,117
12/01/2020-06:27:25.712925-3626,3630,3349,2735,134,115
12/01/2020-06:28:33.081750-3555,3558,3288,2735,137,118
12/01/2020-06:29:40.407616-3492,3494,3255,2735,137,131
12/01/2020-06:30:47.761405-3433,3436,3203,2735,137,128
12/01/2020-06:31:55.148611-3382,3385,3169,2735,137,125
12/01/2020-06:33:02.488526-3331,3334,3129,2736,134,130
12/01/2020-06:34:09.885339-3283,3286,3096,2735,138,128
12/01/2020-06:35:17.251541-3234,3237,3056,2735,134,110
12/01/2020-06:36:24.603875-3193,3196,3022,2735,137,130
12/01/2020-06:37:31.939073-3157,3161,2987,2735,135,124
12/01/2020-06:38:39.274132-3122,3125,2966,2735,138,130
12/01/2020-06:39:46.624958-3092,3094,2954,2735,137,122
12/01/2020-06:40:53.958927-3064,3066,2932,2735,134,129
12/01/2020-06:42:01.279454-3038,3041,2909,2734,136,126
12/01/2020-06:43:08.612990-3013,3017,2891,2734,134,124
12/01/2020-06:44:15.949417-2991,2995,2888,2734,134,124
12/01/2020-06:45:23.317842-2970,2972,2874,2734,134,124
12/01/2020-06:46:30.621038-2951,2954,2861,2734,135,130
12/01/2020-06:47:37.955642-2931,2934,2851,2734,136,105
12/01/2020-06:48:45.292043-2914,2916,2825,2733,138,123
12/01/2020-06:49:52.657134-2896,2898,2815,2734,138,128
12/01/2020-06:50:59.977404-2877,2880,2804,2733,134,127
12/01/2020-06:52:07.312416-2860,2863,2791,2733,134,130
12/01/2020-06:53:14.648046-2844,2847,2778,2733,135,127
12/01/2020-06:54:21.998622-2829,2831,2767,2732,135,126
12/01/2020-06:55:29.364961-2814,2817,2756,2732,138,126
12/01/2020-06:56:36.669333-2800,2801,2744,2732,137,120
12/01/2020-06:57:44.006353-2785,2788,2732,2732,135,122
12/01/2020-06:58:51.370691-2826,2834,2781,2732,136,129
12/01/2020-06:59:58.690583-3168,3180,3123,2732,137,130
12/01/2020-07:01:06.025804-3580,3592,3571,2732,134,117
12/01/2020-07:02:13.352988-3943,3949,3962,2732,136,130
12/01/2020-07:03:20.681330-4232,4237,4268,2732,135,112
12/01/2020-07:04:28.016299-4453,4458,4502,2732,134,127
12/01/2020-07:05:35.351620-4625,4627,4671,2732,135,126
12/01/2020-07:06:42.682586-4754,4755,4797,2732,134,123
12/01/2020-07:07:50.006418-4847,4848,4892,2733,135,125
12/01/2020-07:08:57.348542-4923,4923,4961,2732,133,124
12/01/2020-07:10:04.737942-4979,4979,5013,2732,134,118
12/01/2020-07:11:12.060220-5021,5021,5051,2732,133,115
12/01/2020-07:12:19.459455-5055,5054,5082,2732,133,117
12/01/2020-07:13:26.809026-5085,5085,5109,2733,134,121
12/01/2020-07:14:34.113529-5110,5107,5128,2732,134,117
12/01/2020-07:15:41.484957-5130,5127,5145,2733,133,122
12/01/2020-07:16:48.799758-5110,5107,5138,2733,135,123
12/01/2020-07:17:56.144266-4990,4995,4997,2733,134,122
12/01/2020-07:19:03.535300-4863,4873,4828,2734,133,123
12/01/2020-07:20:10.899211-4736,4749,4645,2733,133,114
12/01/2020-07:21:18.253531-4604,4604,4451,2733,132,117
12/01/2020-07:22:25.603897-4477,4479,4249,2734,132,115
12/01/2020-07:23:32.971017-4338,4338,4084,2733,132,117
12/01/2020-07:24:40.323538-4220,4219,3926,2733,133,109
12/01/2020-07:25:47.638103-4093,4097,3818,2732,134,128
12/01/2020-07:26:54.994119-3972,3976,3722,2732,133,129
12/01/2020-07:28:02.329211-3889,3892,3623,2732,134,112
12/01/2020-07:29:09.664589-3797,3801,3510,2733,132,123
12/01/2020-07:30:17.000296-3710,3713,3423,2733,136,126
12/01/2020-07:31:24.332155-3633,3636,3362,2733,136,123
12/01/2020-07:32:31.654445-3563,3567,3305,2732,135,130
12/01/2020-07:33:39.002515-3497,3501,3248,2732,134,126
12/01/2020-07:34:46.368967-3437,3442,3209,2732,136,114
12/01/2020-07:35:53.725001-3386,3389,3163,2733,134,130
12/01/2020-07:37:01.055863-3335,3338,3122,2732,133,128
12/01/2020-07:38:08.356924-3289,3292,3087,2732,134,112
12/01/2020-07:39:15.715502-3245,3248,3051,2732,135,130
12/01/2020-07:40:23.082091-3209,3212,3035,2732,137,128
12/01/2020-07:41:30.417430-3173,3176,3004,2732,134,130
12/01/2020-07:42:37.736579-3138,3141,2971,2732,137,118
12/01/2020-07:43:45.071168-3105,3108,2962,2732,136,128
12/01/2020-07:44:52.398714-3078,3081,2940,2732,135,105
12/01/2020-07:45:59.756677-3052,3054,2925,2732,135,131
12/01/2020-07:47:07.123024-3027,3029,2909,2732,134,129
12/01/2020-07:48:14.444398-3003,3005,2896,2732,138,126
12/01/2020-07:49:21.781339-2980,2983,2880,2732,136,114
12/01/2020-07:50:29.098086-2959,2962,2867,2731,135,127
12/01/2020-07:51:36.400539-2941,2943,2857,2731,134,130
12/01/2020-07:52:43.727105-2923,2925,2841,2731,137,126
12/01/2020-07:53:51.100144-2904,2906,2825,2730,134,128
12/01/2020-07:54:58.409244-2887,2889,2816,2730,137,129
12/01/2020-07:56:05.758600-2869,2871,2801,2730,135,126
12/01/2020-07:57:13.072252-2852,2854,2787,2730,135,126
12/01/2020-07:58:20.429597-2835,2838,2774,2730,135,119
12/01/2020-07:59:27.766828-2819,2821,2763,2730,136,128
12/01/2020-08:00:35.132779-2805,2809,2748,2730,136,116
12/01/2020-08:01:42.451659-2791,2793,2735,2730,138,117
12/01/2020-08:02:49.805125-2776,2778,2726,2730,135,119
12/01/2020-08:03:57.144787-2763,2763,2716,2729,138,122
12/01/2020-08:05:04.472653-2913,2925,2866,2729,136,118
12/01/2020-08:06:11.801073-3312,3326,3279,2729,136,131
12/01/2020-08:07:19.159729-3716,3727,3722,2728,136,113
12/01/2020-08:08:26.470082-4058,4058,4084,2729,136,109
12/01/2020-08:09:33.815836-4322,4327,4369,2729,136,121
12/01/2020-08:10:41.156127-4523,4523,4574,2729,133,121
12/01/2020-08:11:48.519259-4675,4676,4724,2728,133,126
12/01/2020-08:12:55.854356-4788,4786,4837,2729,133,114
12/01/2020-08:14:03.173980-4878,4878,4919,2729,134,115
12/01/2020-08:15:10.541090-4943,4943,4982,2729,133,124
12/01/2020-08:16:17.861248-4997,4995,5029,2729,133,113
12/01/2020-08:17:25.228279-5036,5036,5065,2729,133,118
12/01/2020-08:18:32.593535-5070,5069,5096,2729,134,116
12/01/2020-08:19:39.947563-5095,5093,5117,2729,134,124
12/01/2020-08:20:47.285217-5117,5115,5138,2729,132,115
12/01/2020-08:21:54.619267-5134,5131,5152,2730,133,119
12/01/2020-08:23:01.915170-5072,5067,5098,2730,132,121
12/01/2020-08:24:09.256797-4939,4940,4942,2730,132,116
12/01/2020-08:25:16.590885-4805,4809,4774,2731,134,112
12/01/2020-08:26:23.927189-4685,4688,4572,2730,132,119
12/01/2020-08:27:31.264507-4547,4554,4381,2730,133,113
12/01/2020-08:28:38.628585-4431,4429,4190,2730,132,112
12/01/2020-08:29:45.981353-4293,4296,4025,2730,135,109
12/01/2020-08:30:53.300125-4168,4170,3879,2730,131,128
12/01/2020-08:32:00.639638-4049,4054,3737,2730,131,104
12/01/2020-08:33:08.006107-3942,3945,3626,2729,135,124
12/01/2020-08:34:15.367894-3841,3843,3524,2729,135,129
12/01/2020-08:35:22.688848-3748,3751,3435,2729,133,129
12/01/2020-08:36:30.022677-3669,3673,3373,2730,132,124
12/01/2020-08:37:37.389614-3598,3601,3312,2729,135,103
12/01/2020-08:38:44.697306-3529,3534,3259,2729,135,124
12/01/2020-08:39:52.025355-3468,3471,3211,2730,133,123
12/01/2020-08:40:59.379566-3408,3412,3162,2730,134,127
12/01/2020-08:42:06.744954-3358,3362,3129,2730,136,120
12/01/2020-08:43:14.068382-3313,3316,3097,2730,135,127
12/01/2020-08:44:21.403844-3269,3272,3061,2729,134,129
12/01/2020-08:45:28.755295-3228,3230,3031,2730,135,123
12/01/2020-08:46:36.089945-3190,3193,3000,2729,134,105
12/01/2020-08:47:43.425260-3154,3157,2976,2729,135,103
12/01/2020-08:48:50.761110-3121,3124,2954,2729,136,118
12/01/2020-08:49:58.112105-3089,3093,2924,2729,134,112
12/01/2020-08:51:05.444019-3061,3064,2913,2728,137,113
12/01/2020-08:52:12.829466-3037,3040,2899,2729,132,129
12/01/2020-08:53:20.181300-3016,3019,2890,2728,136,130
12/01/2020-08:54:27.549450-2993,2997,2879,2728,135,129
12/01/2020-08:55:34.900800-2974,2975,2869,2728,136,114
12/01/2020-08:56:42.235723-2954,2957,2855,2728,137,129
12/01/2020-08:57:49.570693-2932,2934,2847,2728,136,130
12/01/2020-08:58:56.905824-2914,2918,2828,2728,136,123
12/01/2020-09:00:04.240336-2898,2901,2820,2728,135,126
12/01/2020-09:01:11.559962-2879,2881,2801,2727,132,128
12/01/2020-09:02:18.894625-2858,2859,2791,2727,134,122
12/01/2020-09:03:26.276389-2831,2835,2769,2727,136,086
12/01/2020-09:04:33.660464-2819,2822,2746,2727,129,087
12/01/2020-09:05:41.059941-2795,2797,2733,2727,131,130
12/01/2020-09:06:48.394828-2775,2780,2712,2726,135,099
12/01/2020-09:07:55.761981-2755,2758,2694,2727,131,119
12/01/2020-09:09:03.144589-2736,2738,2672,2726,134,117
12/01/2020-09:10:10.543369-2717,2720,2658,2726,129,115
12/01/2020-09:11:17.926691-2699,2699,2646,2726,134,128
12/01/2020-09:12:25.309843-2678,2680,2630,2725,131,118
12/01/2020-09:13:32.692574-2666,2668,2615,2726,135,125
12/01/2020-09:14:40.044110-2836,2848,2784,2725,135,092
12/01/2020-09:15:47.394144-3253,3265,3224,2725,132,117
12/01/2020-09:16:54.746312-3669,3683,3687,2725,129,102
12/01/2020-09:18:02.129649-4021,4025,4066,2725,131,092
12/01/2020-09:19:09.483933-4294,4297,4354,2724,129,100
12/01/2020-09:20:16.814760-4503,4504,4564,2725,128,114
12/01/2020-09:21:24.150266-4658,4659,4717,2725,130,105
12/01/2020-09:22:31.492515-4776,4778,4830,2726,129,109
12/01/2020-09:23:38.851558-4867,4867,4913,2725,130,124
12/01/2020-09:24:46.140958-4936,4933,4974,2725,130,118
12/01/2020-09:25:53.454475-4991,4989,5022,2725,130,113
12/01/2020-09:27:00.787083-5031,5030,5059,2726,131,120
12/01/2020-09:28:08.130840-4991,4985,5032,2725,128,122
12/01/2020-09:29:15.465009-4798,4809,4889,2725,127,117
12/01/2020-09:30:22.801145-4641,4654,4742,2726,131,123
12/01/2020-09:31:30.199481-4497,4509,4557,2726,130,122
12/01/2020-09:32:37.551999-4340,4350,4349,2726,128,101
12/01/2020-09:33:44.887258-4213,4217,4157,2726,132,122
12/01/2020-09:34:52.254178-4068,4081,3995,2725,131,099
12/01/2020-09:35:59.584819-3938,3943,3858,2725,128,113
12/01/2020-09:37:06.955971-3855,3860,3708,2725,130,091
12/01/2020-09:38:14.289041-3767,3771,3574,2725,131,114
12/01/2020-09:39:21.611027-3668,3672,3469,2725,132,120
12/01/2020-09:40:28.937124-3573,3577,3383,2725,134,123
12/01/2020-09:41:36.244354-3494,3500,3306,2725,135,123, CRC_ERR
12/01/2020-09:42:43.584167-3430,3433,3237,2725,132,131
12/01/2020-09:43:50.969064-6,1,temp QK ,3362,3365,3175,2724,133,131, CRC_ERR
12/01/2020-09:44:58.320218-3303,3306,3107,2725,130,129
12/01/2020-09:46:05.653733-3241,3245,3060,2726,434,131, CRC_ERR
12/01/2020-09:47:12.990422-3189,3192,3013,2726,131,127
12/01/2020-09:48:20.324862-3137,3141,2975,2725,135,127
12/01/2020-09:49:27.628848-3093,3097,2932,2725,133,115, CRC_ERR
12/01/2020-09:50:34.964367-3054,3057,2904,2725,130,128, CRC_ERR
12/01/2020-09:51:42.298978-3017,3020,2880,2725,131,101
12/01/2020-09:52:49.602247-2987,2990,2854,2725,134,099
12/01/2020-09:53:56.921491-2958,2960,2829,2725,134,131
12/01/2020-09:55:04.272833-2927,2930,2805,2724,134,125
12/01/2020-09:56:11.592095-2902,2906,2787,2724,134,109
12/01/2020-09:57:18.958068-2877,2881,2771,2724,132,112
12/01/2020-09:58:26.312248-2855,2858,2757,2723,131,128
12/01/2020-09:59:33.649836-2835,2837,2741,2723,132,127
12/01/2020-10:00:40.979791-2817,2818,2727,2723,133,108
12/01/2020-10:01:48.315899-2796,2797,2715,2723,132,130
12/01/2020-10:02:55.629791-2779,2782,2701,2723,129,126
12/01/2020-10:04:02.965341-2763,2766,2686,2723,132,124
12/01/2020-10:05:10.308919-2749,2750,2673,2723,131,100
12/01/2020-10:06:17.683955-2733,2736,2666,2723,128,116
12/01/2020-10:07:25.039125-2720,2723,2655,2723,129,127
12/01/2020-10:08:32.375494-2708,2711,2645,2722,130,098
12/01/2020-10:09:39.692869-2695,2698,2636,2722,134,126
12/01/2020-10:10:47.043018-2683,2685,2628,2722,131,096
12/01/2020-10:11:54.396814-2673,2674,2617,2722,130,120
12/01/2020-10:13:01.748246-2659,2662,2610,2722,133,123
12/01/2020-10:14:09.082158-2649,2651,2606,2722,129,111
12/01/2020-10:15:16.424290-2639,2642,2595,2722,134,127
12/01/2020-10:16:23.789786-2630,2632,2587,2722,135,122
12/01/2020-10:17:31.153879-2621,2623,2581,2721,133,115
12/01/2020-10:18:38.522867-2613,2615,2573,2721,130,126
12/01/2020-10:19:45.868940-2604,2606,2567,2721,128,108
12/01/2020-10:20:53.206236-2595,2598,2560,2721,135,127
12/01/2020-10:22:00.541182-2586,2590,2554,2721,133,111
12/01/2020-10:23:07.849404-2581,2582,2546,2721,135,105
12/01/2020-10:24:15.211600-2573,2575,2541,2721,136,104
12/01/2020-10:25:22.551792-2565,2567,2533,2720,130,128
12/01/2020-10:26:29.850370-2558,2560,2527,2720,131,103
12/01/2020-10:27:37.181432-2551,2552,2519,2720,130,105
12/01/2020-10:28:44.510529-2543,2545,2511,2720,130,116
12/01/2020-10:29:51.868167-2535,2537,2506,2719,133,112
12/01/2020-10:30:59.188540-2526,2529,2498,2719,131,104
12/01/2020-10:32:06.539772-2521,2521,2492,2719,136,105
12/01/2020-10:33:13.864489-2512,2514,2484,2719,129,125
12/01/2020-10:34:21.265724-2504,2507,2480,2719,129,119
12/01/2020-10:35:28.631564-2499,2502,2472,2719,132,107
12/01/2020-10:36:35.994241-2493,2492,2469,2719,134,125
12/01/2020-10:37:43.328968-2485,2487,2458,2719,134,126
12/01/2020-10:38:50.664794-2481,2480,2454,2719,127,105
12/01/2020-10:39:57.967577-2473,2475,2450,2719,134,126
12/01/2020-10:41:05.328731-2467,2469,2445,2718,129,114
12/01/2020-10:42:12.634604-2464,2463,2442,2718,127,123
12/01/2020-10:43:19.972693-2457,2459,2438,2718,130,118
12/01/2020-10:44:27.326062-2452,2454,2432,2718,133,123
12/01/2020-10:45:34.656400-2449,2449,2429,2718,133,106
12/01/2020-10:46:41.974613-2444,2444,2426,2717,130,104
12/01/2020-10:47:49.296869-2440,2440,2421,2717,129,114
12/01/2020-10:48:56.632252-2433,2437,2415,2717,136,124
12/01/2020-10:50:03.982972-2431,2431,2414,2717,129,118
12/01/2020-10:51:11.347279-2427,2427,2410,2717,135,121
12/01/2020-10:52:18.714431-2422,2424,2407,2717,135,112
12/01/2020-10:53:26.084035-2418,2420,2403,2717,131,125
12/01/2020-10:54:33.401231-2414,2415,2399,2717,133,118
12/01/2020-10:55:40.738056-2409,2410,2396,2716,133,125
12/01/2020-10:56:48.077156-2405,2406,2391,2716,129,121
12/01/2020-10:57:55.446821-2401,2403,2386,2716,130,113
12/01/2020-10:59:02.789150-2397,2397,2385,2716,127,100
12/01/2020-11:00:10.141461-2390,2391,2380,2715,134,124
12/01/2020-11:01:17.477360-2385,2388,2376,2715,127,107
12/01/2020-11:02:24.811984-2383,2384,2372,2715,134,123
12/01/2020-11:03:32.211082-2379,2381,2371,2715,129,113
12/01/2020-11:04:39.530159-2374,2377,2369,2715,134,126
12/01/2020-11:05:46.842127-2374,2374,2367,2715,132,113
12/01/2020-11:06:54.208539-2372,2370,2364,2715,131,118
12/01/2020-11:08:01.542699-2367,2370,2361,2716,136,107
12/01/2020-11:09:08.883851-2364,2366,2359,2714,128,123
12/01/2020-11:10:16.221671-2363,2364,2355,2714,135,108
12/01/2020-11:11:23.603590-2359,2361,2353,2714,132,106
12/01/2020-11:12:30.954350-2355,2359,2349,2714,131,112
12/01/2020-11:13:38.288991-2354,2355,2350,2714,133,102
12/01/2020-11:14:45.655824-2352,2354,2346,2714,135,112
12/01/2020-11:15:52.944220-2350,2351,2345,2713,134,120
12/01/2020-11:17:00.276503-2347,2347,2343,2713,138,126
12/01/2020-11:18:07.595944-2343,2346,2339,2714,135,121
12/01/2020-11:19:14.917259-2340,2344,2336,2714,131,107
12/01/2020-11:20:22.244025-2337,2342,2332,2713,136,125
12/01/2020-11:21:29.621462-2336,2338,2330,2714,132,113
12/01/2020-11:22:36.993023-2333,2336,2327,2714,135,112
12/01/2020-11:23:44.333673-2329,2333,2323,2714,135,105
12/01/2020-11:24:51.656451-2324,2331,2320,2713,131,123
12/01/2020-11:25:58.983777-2324,2327,2319,2713,132,125
12/01/2020-11:27:06.331576-2320,2320,2317,2713,136,113
12/01/2020-11:28:13.662685-2319,2320,2313,2712,136,124
12/01/2020-11:29:21.012269-2315,2317,2310,2711,134,121
12/01/2020-11:30:28.379198-2312,2315,2305,2711,134,112
12/01/2020-11:31:35.750626-2309,2312,2304,2712,132,113
12/01/2020-11:32:43.145603-2306,2309,2302,2712,131,108
12/01/2020-11:33:50.496491-2302,2308,2297,2712,132,107
12/01/2020-11:34:57.846634-2300,2303,2296,2711,138,114
12/01/2020-11:36:05.198536-2299,2300,2294,2711,135,121
12/01/2020-11:37:12.537286-2296,2297,2291,2711,136,106
12/01/2020-11:38:19.864582-2294,2294,2290,2712,130,121
12/01/2020-11:39:27.179107-2290,2291,2286,2710,135,104
12/01/2020-11:40:34.569938-2288,2289,2284,2710,135,104
12/01/2020-11:41:41.904954-2285,2287,2281,2710,135,117
12/01/2020-11:42:49.208207-2283,2286,2279,2710,136,125
12/01/2020-11:43:56.511230-2281,2282,2277,2711,138,124
12/01/2020-11:45:03.878089-2278,2280,2273,2711,138,118
12/01/2020-11:46:11.197396-2275,2277,2271,2710,131,116
12/01/2020-11:47:18.531925-2273,2274,2267,2710,136,125
12/01/2020-11:48:25.883296-2271,2271,2266,2710,138,126
12/01/2020-11:49:33.222136-2268,2269,2264,2710,137,114
12/01/2020-11:50:40.552971-2266,2268,2262,2709,133,125
12/01/2020-11:51:47.905632-2266,2265,2263,2710,136,118
12/01/2020-11:52:55.269175-2263,2264,2262,2710,138,128
12/01/2020-11:54:02.605958-2262,2264,2262,2710,137,123
12/01/2020-11:55:09.946855-2263,2262,2263,2709,137,124
12/01/2020-11:56:17.339879-2261,2263,2262,2709,130,121
12/01/2020-11:57:24.674745-2260,2262,2261,2709,137,120
12/01/2020-11:58:32.040163-2258,2262,2259,2709,136,113
12/01/2020-11:59:39.340387-2258,2262,2259,2708,137,124
12/01/2020-12:00:46.646349-2258,2259,2259,2708,131,108
12/01/2020-12:01:53.965274-2257,2258,2258,2708,136,124
12/01/2020-12:03:01.308193-2255,2258,2257,2708,135,124
12/01/2020-12:04:08.649585-2255,2258,2257,2707,134,125
12/01/2020-12:05:15.961417-2255,2257,2257,2707,135,106
12/01/2020-12:06:23.354346-2253,2257,2253,2707,137,109
12/01/2020-12:07:30.744613-2254,2254,2253,2707,131,122
12/01/2020-12:08:38.101191-2253,2253,2253,2707,134,111
12/01/2020-12:09:45.471101-2249,2254,2250,2707,131,109
12/01/2020-12:10:52.796004-2250,2250,2250,2707,131,113
12/01/2020-12:12:00.172149-2249,2250,2250,2707,136,114
12/01/2020-12:13:07.537533-2248,2249,2248,2707,138,122
12/01/2020-12:14:14.825687-2246,2246,2248,2707,134,109
12/01/2020-12:15:22.205133-2244,2245,2244,2707,132,120
12/01/2020-12:16:29.547579-2243,2243,2245,2706,136,127
12/01/2020-12:17:36.894806-2241,2243,2243,2706,134,127
12/01/2020-12:18:44.261690-2239,2240,2240,2706,133,122
12/01/2020-12:19:51.612351-2239,2239,2238,2706,138,125
12/01/2020-12:20:58.947552-2236,2237,2237,2706,136,118
12/01/2020-12:22:06.282775-2235,2235,2236,2706,134,118
12/01/2020-12:23:13.617264-2232,2235,2234,2705,133,118
12/01/2020-12:24:20.933376-2233,2234,2233,2706,138,126
12/01/2020-12:25:28.270991-2231,2231,2233,2706,133,114
12/01/2020-12:26:35.618724-2230,2230,2231,2705,135,107
12/01/2020-12:27:42.938531-2228,2230,2229,2705,138,122
12/01/2020-12:28:50.307418-2227,2229,2228,2705,139,116
12/01/2020-12:29:57.627120-2226,2226,2226,2705,138,123
12/01/2020-12:31:04.976661-2225,2225,2225,2705,136,124
12/01/2020-12:32:12.313125-2223,2225,2224,2705,137,115
12/01/2020-12:33:19.663780-2223,2223,2222,2705,131,124
12/01/2020-12:34:27.013996-2220,2222,2221,2705,131,114
12/01/2020-12:35:34.330435-2473,2489,2443,2704,132,126
12/01/2020-12:36:41.667782-2954,2972,2938,2704,131,115
12/01/2020-12:37:49.034853-3425,3438,3449,2704,134,124
12/01/2020-12:38:56.337805-3811,3816,3865,2704,134,133
12/01/2020-12:40:03.704179-4117,4122,4180,2704,137,128
12/01/2020-12:41:11.019636-4346,4349,4413,2704,134,129
12/01/2020-12:42:18.342193-4520,4520,4586,2705,135,125
12/01/2020-12:43:25.691906-4649,4649,4711,2705,136,123
12/01/2020-12:44:33.026981-4751,4751,4801,2705,132,117
12/01/2020-12:45:40.358065-4823,4822,4873,2705,134,126
12/01/2020-12:46:47.745832-4881,4880,4926,2705,134,117
12/01/2020-12:47:55.080384-4932,4931,4967,2706,133,126
12/01/2020-12:49:02.415350-4969,4966,4997,2706,134,114
12/01/2020-12:50:09.758766-4883,4876,4932,2706,130,124
12/01/2020-12:51:17.131834-4808,4808,4760,2707,135,115
12/01/2020-12:52:24.464696-4644,4649,4586,2707,131,115
12/01/2020-12:53:31.805928-4504,4507,4389,2706,131,129
12/01/2020-12:54:39.151947-4353,4356,4244,2707,134,102
12/01/2020-12:55:46.489065-4196,4202,4082,2707,134,094
12/01/2020-12:56:53.826696-4071,4072,3916,2707,135,119
12/01/2020-12:58:01.156598-3961,3964,3771,2707,131,117
12/01/2020-12:59:08.477835-3842,3844,3633,2706,134,109
12/01/2020-13:00:15.843077-3739,3741,3527,2707,134,133
12/01/2020-13:01:23.179613-3637,3640,3413,2707,132,124
12/01/2020-13:02:30.549024-354,3548,3333,2707,134,122, CRC_ERR
12/01/2020-13:03:37.858730-3463,3466,3248,2707,136,127
12/01/2020-13:04:45.216924-3385,3389,3171,2707,137,125
12/01/2020-13:05:52.568109-3316,3319,3114,2707,137,126
12/01/2020-13:06:59.902944-3254,3257,3068,2707,136,133
12/01/2020-13:08:07.237521-3194,3197,3006,2708,133,134
12/01/2020-13:09:14.554951-3134,3137,2959,2708,134,093
12/01/2020-13:10:21.905150-6,1,te}p OK ,3089,3092,2934,2708,138,124, CRC_ERR
12/01/2020-13:11:29.225699-6-1,temp OK ,3048,3051,2905,2788,138,082, CRC_ERR
12/01/2020-13:12:36.543293-3007,3012,2882,2708,138,120
12/01/2020-13:13:43.847676-2974,2978,2858,2708,138,117
12/01/2020-13:14:51.186779-2946,2947,2840,2707,134,088
12/01/2020-13:15:58.500540-2913,2915,2817,2707,138,131
12/01/2020-13:17:05.804616-2884,2886,2795,2707,132,091
12/01/2020-13:18:13.155121-2859,2860,2774,2707,138,105
12/01/2020-13:19:20.483417-2830,2833,2754,2707,132,129
12/01/2020-13:20:27.857724-2808,2809,2735,2707,130,089
12/01/2020-13:21:35.205175-2780,2784,2712,2707,137,128
12/01/2020-13:22:42.544045-2758,2759,2690,2707,135,096
12/01/2020-13:23:49.889471-2736,2737,2677,2707,131,095
12/01/2020-13:24:57.228519-2711,2713,2659,2706,136,123
12/01/2020-13:26:04.548871-2692,2694,2642,2706,129,113
12/01/2020-13:27:11.851319-2673,2674,2625,2706,133,111
12/01/2020-13:28:19.203090-2652,2655,2610,2706,131,121
12/01/2020-13:29:26.538460-2637,2639,2595,2706,138,123
12/01/2020-13:30:33.883644-2619,2621,2580,2706,132,129
12/01/2020-13:31:41.183342-2603,2605,2567,2706,132,102
12/01/2020-13:32:48.547582-2589,2590,2549,2706,130,127
12/01/2020-13:33:55.909429-2573,2574,2537,2706,135,120
12/01/2020-13:35:03.249349-2555,2556,2523,2706,131,122
12/01/2020-13:36:10.612259-2538,2539,2511,2706,137,104
12/01/2020-13:37:17.963519-2522,2525,2501,2706,137,127
12/01/2020-13:38:25.334776-2507,2509,2489,2706,135,129
12/01/2020-13:39:32.666529-2494,2496,2479,2706,131,127
12/01/2020-13:40:39.969144-2481,2484,2467,2706,132,102
12/01/2020-13:41:47.347169-2463,2464,2457,2705,133,128
12/01/2020-13:42:54.687092-2451,2455,2444,2705,136,126
12/01/2020-13:44:02.018510-2441,2445,2434,2705,132,119
12/01/2020-13:45:09.354876-2428,2432,2425,2705,137,128
12/01/2020-13:46:16.676635-2418,2420,2414,2705,137,118
12/01/2020-13:47:23.994984-2404,2408,2405,2705,138,121
12/01/2020-13:48:31.335193-2396,2400,2394,2704,137,116
12/01/2020-13:49:38.692504-2381,2385,2384,2704,137,125
12/01/2020-13:50:46.031077-2377,2378,2374,2705,132,120
12/01/2020-13:51:53.363754-2369,2370,2368,2705,131,127
12/01/2020-13:53:00.722894-2361,2363,2360,2704,138,124
12/01/2020-13:54:08.052688-2356,2359,2353,2705,139,126
12/01/2020-13:55:15.387750-2349,2350,2348,2704,138,126
12/01/2020-13:56:22.722212-2334,2333,2340,2705,133,126
12/01/2020-13:57:30.042269-2639,2655,2607,2704,136,130
12/01/2020-13:58:37.345533-3116,3126,3101,2704,135,129
12/01/2020-13:59:44.696050-3559,3568,3590,2703,132,129
12/01/2020-14:00:52.043760-3924,3932,3977,2704,136,126
12/01/2020-14:01:59.382187-4205,4207,4265,2703,135,098
12/01/2020-14:03:06.716306-4411,4417,4481,2704,130,122
12/01/2020-14:04:14.084700-4575,4577,4635,2704,133,111
12/01/2020-14:05:21.403344-4696,4698,4750,2705,134,110
12/01/2020-14:06:28.719922-4786,4785,4836,2704,134,128
12/01/2020-14:07:36.040699-4855,4855,4899,2704,133,110
12/01/2020-14:08:43.405501-4912,4910,4948,2705,134,126
12/01/2020-14:09:50.727059-4956,4956,4986,2705,131,127
12/01/2020-14:10:58.078200-4989,4987,5017,2705,134,126
12/01/2020-14:12:05.412248-4913,4906,4961,2705,131,119
12/01/2020-14:13:12.727808-4788,4792,4794,2705,134,120
12/01/2020-14:14:20.050137-4661,4665,4660,2706,133,109
12/01/2020-14:15:27.402917-4531,4538,4416,2706,130,104
12/01/2020-14:16:34.769994-4388,4390,4262,2706,133,123
12/01/2020-14:17:42.100707-4251,4255,4091,2706,132,129
12/01/2020-14:18:49.423004-4096,4104,3902,2706,136,118
12/01/2020-14:19:56.748008-3990,3989,3785,2706,135,114
12/01/2020-14:21:04.077869-3876,3874,3669,2706,133,091
12/01/2020-14:22:11.416573-3766,3769,3533,2705,132,134
12/01/2020-14:23:18.779371-3658,3663,3440,2706,133,132
12/01/2020-14:24:26.099593-3567,3570,3330,2706,132,133
12/01/2020-14:25:33.439311-3486,3489,3265,2706,133,126
12/01/2020-14:26:40.802068-3413,3416,3211,2705,131,097
12/01/2020-14:27:48.144048-3343,3346,3136,2706,138,135, CRC_ERR
12/01/2020-14:28:55.503111-3275,3279,3071,2705,133,108, CRC_ERR
12/01/2020-14:30:02.837949-3220,=224,3028,2705,134,136, CRC_ERR
12/01/2020-14:31:10.174425-3162,3165,2985,2706,139,134
12/01/2020-14:32:17.485776-3117,3119,2952,2706,137,134
12/01/2020-14:33:24.844572-3074,3078,2933,2706,138,103
12/01/2020-14:34:32.194614-3038,3041,2907,2706,131,132
12/01/2020-14:35:39.530110-3005,3007,2883,2706,134,134
12/01/2020-14:36:46.861335-2975,2976,2858,2706,136,134
12/01/2020-14:37:54.169189-2944,2947,2842,2706,135,128
12/01/2020-14:39:01.520380-2915,2917,2821,2706,138,114
12/01/2020-14:40:08.839442-2884,2888,2803,2706,132,132
12/01/2020-14:41:16.140649-2854,2856,2788,2705,139,132
12/01/2020-14:42:23.493272-2835,2837,2767,2705,137,132
12/01/2020-14:43:30.845320-2801,2805,2747,2706,134,123
12/01/2020-14:44:38.181707-2777,2780,2727,2705,133,103
12/01/2020-14:45:45.531617-2760,2763,2706,2705,139,113
12/01/2020-14:46:52.882540-2740,2742,2690,2705,133,105
12/01/2020-14:48:00.217515-2711,2715,2676,2705,136,119
12/01/2020-14:49:07.552603-2702,2703,2658,2705,138,130
12/01/2020-14:50:14.866971-2676,2677,2641,2705,133,126
12/01/2020-14:51:22.190743-2655,2657,2626,2705,132,107
12/01/2020-14:52:29.499506-2640,2643,2611,2704,131,129
12/01/2020-14:53:36.892119-2625,2627,2597,2704,130,124
12/01/2020-14:54:44.259629-2609,2612,2582,2704,130,117
12/01/2020-14:55:51.609096-2587,2592,2565,2704,132,129
12/01/2020-14:56:58.897972-2577,2580,2555,2704,133,123
12/01/2020-14:58:06.240060-2565,2568,2544,2704,132,130
12/01/2020-14:59:13.616055-2550,2552,2532,2704,137,127
12/01/2020-15:00:20.946256-2538,2539,2519,2704,137,124
12/01/2020-15:01:28.286426-2517,2520,2510,2704,135,117
12/01/2020-15:02:35.599257-2508,2511,2496,2704,138,107
12/01/2020-15:03:42.891169-2493,2497,2483,2703,134,110
12/01/2020-15:04:50.262430-2482,2485,2472,2703,139,120
12/01/2020-15:05:57.624812-2463,2466,2463,2703,139,122
12/01/2020-15:07:04.977426-2450,2453,2453,2703,138,129
12/01/2020-15:08:12.323891-2436,2439,2441,2703,135,125
12/01/2020-15:09:19.647807-2426,2430,2430,2703,140,111
12/01/2020-15:10:27.014787-2417,2419,2420,2703,139,113
12/01/2020-15:11:34.330470-2413,2414,2413,2702,140,127
12/01/2020-15:12:41.653170-2399,2401,2404,2702,136,127
12/01/2020-15:13:49.002757-2393,2396,2394,2702,140,115
12/01/2020-15:14:56.355256-2379,2381,2386,2702,138,125
12/01/2020-15:16:03.663143-2370,2372,2378,2703,135,115
12/01/2020-15:17:11.041020-2367,2369,2371,2702,139,129
12/01/2020-15:18:18.391431-2361,2363,2364,2702,137,118
12/01/2020-15:19:25.738800-2353,2355,2358,2702,141,127
12/01/2020-15:20:33.046345-2343,2346,2350,2701,138,127
12/01/2020-15:21:40.397412-2557,2570,2525,2701,137,128
12/01/2020-15:22:47.705803-3017,3032,2998,2702,134,130
12/01/2020-15:23:55.099906-3473,3486,3496,2701,139,134
12/01/2020-15:25:02.434827-3856,3863,3902,2701,135,133
12/01/2020-15:26:09.729605-4150,4153,4213,2702,138,124
12/01/2020-15:27:17.090122-4376,4380,4441,2701,137,131
12/01/2020-15:28:24.443626-4546,4547,4607,2702,131,129
12/01/2020-15:29:31.806136-4669,4671,4731,2702,135,125
12/01/2020-15:30:39.172978-4769,4769,4821,2702,134,127
12/01/2020-15:31:46.539893-4844,4841,4889,2701,132,120
12/01/2020-15:32:53.848462-4901,4900,4941,2701,133,121
12/01/2020-15:34:01.206161-4948,4948,4981,2701,135,127
12/01/2020-15:35:08.576843-4985,4984,5013,2703,134,122
12/01/2020-15:36:15.924658-5017,5015,5038,2703,131,126
12/01/2020-15:37:23.246295-4982,4979,5017,2703,135,114
12/01/2020-15:38:30.578057-4824,4830,4864,2703,135,125
12/01/2020-15:39:37.916238-4675,4681,4682,2704,133,111
12/01/2020-15:40:45.283215-4564,4573,4486,2703,132,112
12/01/2020-15:41:52.618235-4421,4428,4292,2704,136,127
12/01/2020-15:42:59.953199-4287,4291,4105,2704,131,124
12/01/2020-15:44:07.306318-4146,4159,3965,2704,132,110
12/01/2020-15:45:14.670509-4020,4022,3772,2703,137,119
12/01/2020-15:46:22.039119-3891,3892,3610,2703,133,132
12/01/2020-15:47:29.401918-3771,3776,3538,2704,132,133
12/01/2020-15:48:36.735679-3655,3663,3449,2704,134,115
12/01/2020-15:49:44.089592-3572,3576,3343,2703,137,111
12/01/2020-15:50:51.392238-3486,3490,3261,2703,131,119
12/01/2020-15:51:58.752002-3412,3415,3199,2703,137,134
12/01/2020-15:53:06.092408-3343,3348,3135,2703,136,126
12/01/2020-15:54:13.444222-3277,3281,3076,2704,135,133
12/01/2020-15:55:20.809703-3225,3229,3042,2704,134,092, CRC_ERR
12/01/2020-15:56:28.109145-3174,3178,2984,2704,135,071
12/01/2020-15:57:35.448581-3123,3125,2951,2704,135,132
12/01/2020-15:58:42.798627-3077,3081,2925,2704,131,120
12/01/2020-15:59:50.119230-3045,3048,2901,2704,132,123
12/01/2020-16:00:57.453352-6,1,emp OK ,3012,3015,2875,2704,130,123, CRC_ERR
12/01/2020-16:02:04.804530-2980,2983,2864,2704,131,102
12/01/2020-16:03:12.139612-2950,2954,2851,2703,135,123
12/01/2020-16:04:19.450689-2925,2926,2834,2703,135,125
12/01/2020-16:05:26.841098-2900,2902,2804,2703,133,115
12/01/2020-16:06:34.177500-2875,2877,2786,2703,139,118
12/01/2020-16:07:41.479314-2850,2851,2770,2703,138,112
12/01/2020-16:08:48.812879-2826,2827,2748,2703,134,098
12/01/2020-16:09:56.149050-2800,2804,2727,2703,135,129
12/01/2020-16:11:03.514172-2779,2782,2711,2703,136,119
12/01/2020-16:12:10.842431-2758,2760,2692,2703,134,130
12/01/2020-16:13:18.200289-2737,2739,2680,2702,138,128
12/01/2020-16:14:25.543401-2716,2719,2668,2702,135,129
12/01/2020-16:15:32.885304-2698,2700,2646,2702,138,115
12/01/2020-16:16:40.227842-2676,2678,2636,2702,139,108
12/01/2020-16:17:47.589174-2661,2664,2617,2702,134,129
12/01/2020-16:18:54.923928-2642,2644,2608,2702,136,128
12/01/2020-16:20:02.290685-2625,2629,2595,2702,132,127
12/01/2020-16:21:09.609576-2603,2605,2581,2702,136,112
12/01/2020-16:22:16.953396-2599,2600,2567,2702,137,111
12/01/2020-16:23:24.295275-2585,2586,2555,2702,139,113
12/01/2020-16:24:31.629317-2568,2570,2545,2702,137,127
12/01/2020-16:25:38.949380-2551,2554,2533,2701,134,126
12/01/2020-16:26:46.297446-2539,2542,2519,2701,138,115
12/01/2020-16:27:53.625018-2529,2530,2507,2701,140,124
12/01/2020-16:29:00.988773-2515,2517,2497,2701,137,119
12/01/2020-16:30:08.321283-2503,2506,2484,2701,139,109
12/01/2020-16:31:15.656272-2492,2494,2472,2700,133,121
12/01/2020-16:32:22.985161-2482,2482,2461,2701,133,115
12/01/2020-16:33:30.323436-2466,2468,2452,2700,138,127
12/01/2020-16:34:37.660832-2456,2458,2444,2700,138,119
12/01/2020-16:35:45.011609-2446,2449,2438,2700,138,108
12/01/2020-16:36:52.342675-2440,2442,2427,2700,136,107
12/01/2020-16:37:59.633577-2493,2503,2467,2700,135,124
12/01/2020-16:39:06.968296-2875,2889,2841,2700,134,128
12/01/2020-16:40:14.286938-3337,3347,3337,700,134,078, CRC_ERR
12/01/2020-16:41:21.619738-3744,3755,3780,2700,132,133
12/01/2020-16:42:28.941098-4068,4073,4123,2700,133,114
12/01/2020-16:43:36.257810-4313,4317,4375,2699,134,104
12/01/2020-16:44:43.578975-4496,4496,4563,2700,135,129
12/01/2020-16:45:50.913927-4636,4637,4700,2700,133,128
12/01/2020-16:46:58.231053-4741,4742,4798,2700,135,113
12/01/2020-16:48:05.566069-4819,4820,4871,2699,131,112
12/01/2020-16:49:12.885243-4881,4880,4928,2699,132,117
12/01/2020-16:50:20.221350-4933,4933,4970,2700,131,124
12/01/2020-16:51:27.571736-4972,4971,5007,2700,135,111
12/01/2020-16:52:34.922737-5007,5007,5035,2700,132,114
12/01/2020-16:53:42.226479-5033,5031,5058,2701,134,120
12/01/2020-16:54:49.560359-4953,4948,5004,2701,135,113
12/01/2020-16:55:56.872244-4828,4832,4826,2702,135,120
12/01/2020-16:57:04.245033-4652,4658,4635,2702,132,124
12/01/2020-16:58:11.563097-4540,4543,4409,2702,135,129
12/01/2020-16:59:18.900628-4403,4410,4258,2701,136,126
12/01/2020-17:00:26.211545-4268,4272,4078,2702,132,130
12/01/2020-17:01:33.517747-4114,4124,3905,2702,135,132
12/01/2020-17:02:40.862278-3985,3990,3755,2702,131,132
12/01/2020-17:03:48.222680-3833,3834,3560,2701,133,131
12/01/2020-17:04:55.543561-3693,3699,3402,2702,134,130
12/01/2020-17:06:02.926694-3594,3597,3350,2702,137,129
12/01/2020-17:07:10.229692-3530,3534,3302,2701,133,133
12/01/2020-17:08:17.564570-3443,3447,3228,2701,133,134
12/01/2020-17:09:24.913251-3382,3385,3172,2701,136,127
12/01/2020-17:10:32.257665-330g,3311,3112,2702,130,132, CRC_ERR
12/01/2020-17:11:39.632652-3258,3261,3056,2702,135,129
12/01/2020-17:12:46.948903-3209,3211,3026,2702,131,129
12/01/2020-17:13:54.302775-3166,3170,3000,2702,132,118, CRC_ERR
12/01/2020-17:15:01.636546-3129,3132,29802702,130,126, CRC_ERR
12/01/2020-17:16:08.986827-3092,3294,2959,2702,132,121, CRC_ERR
12/01/2020-17:17:16.307862-3057,3060,2941,2702,130,089, CRC_ERR
12/01/2020-17:18:23.643274-3028,3030,2918,2701,131,126
12/01/2020-17:19:30.951498-2995,2997,2896,2702,131,129
12/01/2020-17:20:38.343533-2964,2967,2871,2702,128,126
12/01/2020-17:21:45.679509-2935,2938,2851,2701,135,092
12/01/2020-17:22:53.025621-2912,2914,2826,2701,136,129
12/01/2020-17:24:00.364617-2886,2889,2808,2701,134,100
12/01/2020-17:25:07.715530-2860,2863,2791,2701,135,127
12/01/2020-17:26:15.050198-2837,2839,2771,2701,133,111
12/01/2020-17:27:22.416989-2815,2818,2753,2701,135,119
12/01/2020-17:28:29.751660-2793,2796,2733,2701,135,127
12/01/2020-17:29:37.089291-2771,2775,2715,2700,135,125
12/01/2020-17:30:44.453194-2754,2757,2698,2700,133,127
12/01/2020-17:31:51.772665-2732,2733,2684,2700,134,126
12/01/2020-17:32:59.107701-2704,2707,2667,2700,134,121
12/01/2020-17:34:06.458521-2694,2696,2651,2700,134,126
12/01/2020-17:35:13.777362-2677,2678,2636,2700,128,122
12/01/2020-17:36:21.079985-2658,2660,2621,2700,134,127
12/01/2020-17:37:28.446971-2644,2647,2608,2700,134,119
12/01/2020-17:38:35.785939-2638,2643,2607,2699,135,126
12/01/2020-17:39:43.162745-2939,2954,2899,2700,134,097
12/01/2020-17:40:50.532059-3377,3389,3365,2699,134,092, CRC_ERR
12/01/2020-17:41:57.864618-3770,3774,3793,2699,134,114
12/01/2020-17:43:05.232719-4086,4094,4130,2699,131,089
12/01/2020-17:44:12.550906-4329,4333,4387,2698,131,106
12/01/2020-17:45:19.880354-4511,4514,4572,2698,130,106
12/01/2020-17:46:27.221332-4651,4652,4710,2700,131,121
12/01/2020-17:47:34.571187-4753,4755,4810,2699,132,106
12/01/2020-17:48:41.922845-4835,4835,4886,2699,131,122
12/01/2020-17:49:49.273993-4898,4897,4941,2699,131,120
12/01/2020-17:50:56.608845-4946,4945,4982,2699,130,122
12/01/2020-17:52:03.927657-4984,4984,5016,2700,130,122
12/01/2020-17:53:11.246146-4983,4979,5023,2700,130,111
12/01/2020-17:54:18.569225-4816,4828,4887,2700,131,107
12/01/2020-17:55:25.977894-4661,4662,4663,2701,129,124
12/01/2020-17:56:33.314050-4531,4538,4464,2701,131,107
12/01/2020-17:57:40.645768-4380,4386,4355,2701,121,108
12/01/2020-17:58:48.003655-4255,4262,4192,2701,127,108
12/01/2020-17:59:55.383500-4135,4142,3989,2701,126,120
12/01/2020-18:01:02.734546-4014,4018,3835,2700,121,096
12/01/2020-18:02:10.046379-3870,3880,3703,2700,132,128
12/01/2020-18:03:17.420283-3800,3805,3598,2700,129,122
12/01/2020-18:04:24.737752-3679,3686,3488,2701,127,108
12/01/2020-18:05:32.040950-3598,3600,3373,2701,133,130
12/01/2020-18:06:39.391570-3507,3513,3302,2701,134,089
12/01/2020-18:07:46.721260-3425,3427,3231,2700,128,128, CRC_ERR
12/01/2020-18:08:54.063147-3358,3362,3159,2700,131,128
12/01/2020-18:10:01.381502-3297,3301,3097,2701,132,128
12/01/2020-18:11:08.743042-3230,3237,3056,2701,129,126
12/01/2020-18:12:16.051596-3180,3183,2999,2701,133,125
12/01/2020-18:13:23.400880-3121,3124,2966,2701,128,110
12/01/2020-18:14:30.720706-3074,3077,2922,2700,129,126
12/01/2020-18:15:38.047721-3036,3038,2899,2700,129,129
12/01/2020-18:16:45.422440-3003,3005,2875,2700,131,116
12/01/2020-18:17:52.736950-2967,2970,2850,2700,130,112
12/01/2020-18:19:00.044334-2937,2940,2830,2700,134,121
12/01/2020-18:20:07.395755-2909,2911,2808,2700,131,128
12/01/2020-18:21:14.730033-2887,2889,2787,2700,131,122
12/01/2020-18:22:22.095706-2860,2863,2775,2700,129,121
12/01/2020-18:23:29.494981-2834,2837,2754,2699,131,129
12/01/2020-18:24:36.862281-2815,2817,2736,2699,135,128
12/01/2020-18:25:44.212542-2793,2797,2722,2699,135,098
12/01/2020-18:26:51.561996-2776,2779,2706,2699,131,102
12/01/2020-18:27:58.930081-2756,2759,2695,2699,130,126
12/01/2020-18:29:06.294776-2737,2741,2678,2698,135,127
12/01/2020-18:30:13.614493-2721,2724,2664,2698,132,109
12/01/2020-18:31:20.965772-2704,2707,2654,2698,133,123
12/01/2020-18:32:28.317278-2687,2690,2643,2698,132,107
12/01/2020-18:33:35.652097-2665,2670,2630,2698,130,105
12/01/2020-18:34:42.985895-2652,2655,2616,2698,128,112
12/01/2020-18:35:50.336854-2696,2702,2659,2698,128,104
12/01/2020-18:36:57.719509-3054,3068,3015,2698,130,126
12/01/2020-18:38:05.051608-3486,3493,3484,2698,128,127
12/01/2020-18:39:12.389168-3858,3863,3888,2697,134,124
12/01/2020-18:40:19.739986-4153,4158,4205,2697,130,104
12/01/2020-18:41:27.057569-4377,4380,4442,2697,132,125
12/01/2020-18:42:34.360064-4553,4554,4616,2697,132,110
12/01/2020-18:43:41.701553-4679,4679,4740,2698,128,118
12/01/2020-18:44:49.029290-4778,4778,4829,2698,128,117
12/01/2020-18:45:56.332543-4848,4848,4899,2697,131,122
12/01/2020-18:47:03.667613-4905,4903,4949,2697,131,117
12/01/2020-18:48:11.037320-4950,4949,4993,2698,130,117
12/01/2020-18:49:18.340737-4975,4970,5016,2698,129,118
12/01/2020-18:50:25.692093-4841,4837,4903,2698,128,116
12/01/2020-18:51:33.010788-4688,4698,4717,2698,129,112
12/01/2020-18:52:40.326817-4563,4570,4505,2698,131,111
12/01/2020-18:53:47.670354-4362,4374,4359,2699,129,105
12/01/2020-18:54:55.030160-4282,4286,4152,2700,134,124
12/01/2020-18:56:02.350889-4132,4133,3977,2699,134,126
12/01/2020-18:57:09.654047-4002,4004,3799,2699,132,116
12/01/2020-18:58:16.987344-3909,3910,3695,2698,130,123
12/01/2020-18:59:24.335452-3796,3799,3567,2699,130,126
12/01/2020-19:00:31.675000-3685,3690,3473,2699,128,123
12/01/2020-19:01:39.040585-3603,3607,3366,2699,135,128
12/01/2020-19:02:46.358460-3527,3528,3291,2699,130,128
12/01/2020-19:03:53.709351-3435,3437,3215,2699,133,100
12/01/2020-19:05:01.046638-3371,3375,3160,2698,134,119
12/01/2020-19:06:08.363262-3311,3312,3112,2699,132,127
12/01/2020-19:07:15.704120-3229,3232,3056,2699,133,123
12/01/2020-19:08:23.035299-3188,3192,3008,2699,133,124
12/01/2020-19:09:30.385066-3142,3146,2976,2698,134,127
12/01/2020-19:10:37.688800-3104,3106,2947,2698,129,102
12/01/2020-19:11:45.054015-3055,3060,2920,2698,133,123
12/01/2020-19:12:52.420707-3019,3024,2896,2698,135,128
12/01/2020-19:13:59.772445-2988,2991,2874,2698,136,123
12/01/2020-19:15:07.122902-2962,2964,2854,2698,130,127
12/01/2020-19:16:14.458310-2931,2934,2835,2698,132,102
12/01/2020-19:17:21.791366-2900,2902,2811,2698,130,097
12/01/2020-19:18:29.160236-2876,2879,2793,2698,130,126
12/01/2020-19:19:36.477155-2846,2850,2778,2697,135,120
12/01/2020-19:20:43.813169-2826,2829,2762,2697,135,126
12/01/2020-19:21:51.163948-2806,2810,2740,2697,136,117
12/01/2020-19:22:58.530311-2788,2789,2731,2697,136,120
12/01/2020-19:24:05.865079-2770,2772,2711,2697,131,125
12/01/2020-19:25:13.151825-2753,2754,2699,2697,134,125
12/01/2020-19:26:20.483339-2736,2737,2680,2697,131,121
12/01/2020-19:27:27.789535-2708,2712,2659,2697,135,109
12/01/2020-19:28:35.122464-2691,2694,2651,2696,133,119
12/01/2020-19:30:58.050101-2676,2678,2638,2696,129,123
12/01/2020-19:41:27.054682-2595,2597,2568,2696,135,107
12/01/2020-19:47:33.460234-4888,4888,4935,2695,126,106
12/01/2020-19:48:40.841796-4942,4942,4981,2695,130,115
12/01/2020-19:49:48.192622-4876,4870,4942,2695,131,108
12/01/2020-19:50:55.525988-4696,4708,4740,2696,131,107
12/01/2020-19:52:02.877620-4575,4584,4564,2696,132,119
12/01/2020-19:53:10.229738-4516,4520,4409,2695,132,117
12/01/2020-19:54:17.595420-4370,4372,4223,2696,131,120
12/01/2020-19:55:24.936417-4236,4241,4053,2695,132,099
12/01/2020-19:56:32.313921-4065,4071,3916,2695,128,098
12/01/2020-19:57:39.600703-3949,3954,3783,2695,129,116
12/01/2020-19:58:46.969308-3816,3822,3663,2696,134,115
12/01/2020-19:59:54.295541-3725,3728,3549,2695,131,101
12/01/2020-20:01:01.672327-3634,3640,3453,2695,132,127
12/01/2020-20:02:08.988471-3555,3561,3354,2695,132,123
12/01/2020-20:03:16.308657-3478,3483,3272,2695,135,074
12/01/2020-20:04:23.645448-3398,3402,3213,2696,131,131
12/01/2020-20:05:30.996174-3330,?335,3147,2694,134,071, CRC_ERR
12/01/2020-20:06:38.347210-3278,3281,3081,2696,135,125
12/01/2020-20:07:45.682100-3220,3224,3043,2696,134,111
12/01/2020-20:08:53.048890-3161,3164,3000,2695,129,126
12/01/2020-20:10:00.397651-3118,3122,2975,2695,132,126
12/01/2020-20:11:07.781265-3082,3087,2940,2696,135,122
12/01/2020-20:12:15.085510-3046,3049,2913,2696,130,128
12/01/2020-20:13:22.419172-3011,3013,2890,2696,135,092
12/01/2020-20:14:29.794852-2974,2977,2866,2696,133,127
12/01/2020-20:15:37.138346-2950,2952,2849,2695,135,128
12/01/2020-20:16:44.521012-2918,2920,2829,2695,130,115
12/01/2020-20:17:51.904361-2893,2896,2804,2694,133,124
12/01/2020-20:18:59.254561-2863,2867,2783,2694,135,116
12/01/2020-20:20:06.600557-2838,2841,2766,2694,135,128
12/01/2020-20:21:13.936032-2814,2817,2745,2694,134,114
12/01/2020-20:22:21.276189-2784,2789,2728,2694,135,119
12/01/2020-20:23:28.626827-2766,2768,2703,2693,132,128
12/01/2020-20:24:35.993841-2749,2750,2689,2693,131,102
12/01/2020-20:25:43.344296-2728,2732,2673,2693,132,122
12/01/2020-20:26:50.695859-2709,2711,2659,2693,130,101
12/01/2020-20:27:58.062650-2690,2691,2647,2693,136,115
12/01/2020-20:29:05.445673-2675,2677,2632,2693,136,125
12/01/2020-20:30:12.828527-2657,2660,2616,2693,131,125
12/01/2020-20:31:20.179975-2636,2639,2604,2693,134,106
12/01/2020-20:32:27.545875-2627,2629,2587,2692,132,116
12/01/2020-20:33:34.928872-2608,2609,2576,2692,135,121
12/01/2020-20:34:42.280394-2595,2598,2563,2692,134,124
12/01/2020-20:35:49.648713-2578,2581,2550,2692,136,126
12/01/2020-20:36:57.014064-2568,2570,2541,2692,138,120
12/01/2020-20:38:04.412841-2680,2690,2641,2692,131,112
12/01/2020-20:39:11.747098-3089,3101,3056,2692,131,111
12/01/2020-20:40:19.098995-3523,3532,3529,2692,129,127
12/01/2020-20:41:26.449935-3892,3900,3929,2692,131,118
12/01/2020-20:42:33.817164-4182,4184,4238,2692,130,125
12/01/2020-20:43:41.167975-4400,4401,4465,2692,131,117
12/01/2020-20:44:48.550197-4561,4562,4631,2692,130,105
12/01/2020-20:45:55.917032-4692,4692,4748,2693,130,110
12/01/2020-20:47:03.300040-4789,4788,4841,2693,132,123
12/01/2020-20:48:10.667303-4857,4855,4909,2692,131,118
12/01/2020-20:49:18.017359-4913,4911,4961,2692,130,124
12/01/2020-20:50:25.384387-4956,4953,4995,2693,130,122
12/01/2020-20:51:32.750825-4975,4969,5019,2693,132,110
12/01/2020-20:52:40.102576-4835,4838,4903,2694,131,123
12/01/2020-20:53:47.453171-4688,4689,4705,2693,133,111
12/01/2020-20:54:54.820062-4486,4497,4509,2693,131,121
12/01/2020-20:56:02.219679-4345,4358,4323,2693,130,117
12/01/2020-20:57:09.587006-4270,4272,4166,2693,134,121
12/01/2020-20:58:16.985361-4157,4160,3987,2693,133,127
12/01/2020-20:59:24.352532-3989,4000,3811,2693,132,110
12/01/2020-21:00:31.703177-3871,3876,3668,2693,130,125
12/01/2020-21:01:39.069868-3768,3771,3552,2693,130,121
12/01/2020-21:02:46.452525-3651,3658,3446,2693,135,124
12/01/2020-21:03:53.821004-3570,3573,3354,2693,134,111
12/01/2020-21:05:01.171219-3494,3498,3260,2692,134,129
12/01/2020-21:06:08.505919-3402,3410,3203,2692,129,116
12/01/2020-21:07:15.905443-3326,3330,3120,2693,133,117
12/01/2020-21:08:23.255323-3275,3279,3067,2693,130,126
12/01/2020-21:09:30.622903-3204,3208,3008,2693,135,121
12/01/2020-21:10:37.988765-3157,3161,2967,2693,134,120
12/01/2020-21:11:45.341133-3108,3111,2938,2693,130,122
12/01/2020-21:12:52.692134-3068,3070,2908,2693,135,096
12/01/2020-21:14:00.058761-3024,3028,2882,2692,134,112
12/01/2020-21:15:07.409965-2991,2995,2855,2692,130,128
12/01/2020-21:16:14.760383-2954,2956,2825,2692,133,112
12/01/2020-21:17:22.111905-2913,2917,2807,2692,133,119
12/01/2020-21:18:29.493075-2952,2962,2872,2692,135,128
12/01/2020-21:19:36.844410-3287,3297,3225,2692,131,122
12/01/2020-21:20:44.212177-3674,3682,3659,2691,131,129
12/01/2020-21:21:51.595280-4007,4013,4028,2691,134,092
12/01/2020-21:22:58.930648-4269,4272,4312,2692,133,121
12/01/2020-21:24:06.313838-4466,4466,4523,2692,132,115
12/01/2020-21:25:13.664718-4615,4615,4677,2692,131,109
12/01/2020-21:26:21.029897-4730,4729,4788,2692,130,121
12/01/2020-21:27:28.366842-4819,4817,4873,2693,133,121
12/01/2020-21:28:35.717319-4890,4888,4934,2692,130,110
12/01/2020-21:29:43.052510-4936,4934,4981,2692,132,115
12/01/2020-21:30:50.420192-4982,4981,5014,2693,131,113
12/01/2020-21:31:57.754831-5017,5015,5046,2693,130,117
12/01/2020-21:33:05.137069-5040,5039,5069,2693,132,112
12/01/2020-21:34:12.472127-5062,5060,5088,2693,132,123
12/01/2020-21:35:19.839221-5081,5078,5103,2693,130,113
12/01/2020-21:36:27.238821-5101,5099,5117,2693,132,112
12/01/2020-21:37:34.605458-5115,5114,5131,2694,132,116
12/01/2020-21:38:41.972204-5126,5125,5140,2694,130,119
12/01/2020-21:39:49.324093-5130,5127,5149,2695,132,120
12/01/2020-21:40:56.690852-5144,5143,5161,2695,130,119
12/01/2020-21:42:04.042946-5083,5076,5119,2695,132,112
12/01/2020-21:43:11.377295-4910,4920,4955,2695,130,113
12/01/2020-21:44:18.728762-4771,4777,4763,2695,130,111
12/01/2020-21:45:26.079983-4658,4663,4573,2695,131,113
12/01/2020-21:46:33.479498-4493,4506,4407,2694,131,126
12/01/2020-21:47:40.830042-4353,4363,4286,2695,133,126
12/01/2020-21:48:48.164562-4223,4233,4110,2695,130,113
12/01/2020-21:49:55.515391-4134,4141,3935,2695,134,125
12/01/2020-21:51:02.899005-4025,4026,3822,2694,132,128
12/01/2020-21:52:10.267091-3927,3932,3698,2695,135,129
12/01/2020-21:53:17.618608-3820,3826,3594,2695,134,121
12/01/2020-21:54:25.000736-3700,3707,3516,2695,133,104
12/01/2020-21:55:32.367240-3640,3640,3426,2695,135,111
12/01/2020-21:56:39.749184-3557,3561,3354,2694,134,129
12/01/2020-21:57:47.101916-3482,3485,3278,2694,135,128
12/01/2020-21:58:54.436332-3418,3421,3212,2694,134,125
12/01/2020-22:00:01.787734-3357,3360,3163,2695,135,113
12/01/2020-22:01:09.138791-3301,3304,3097,2695,131,105
12/01/2020-22:02:16.522043-3245,3249,3071,2695,132,115
12/01/2020-22:03:23.904762-3204,3206,3029,2695,132,123
12/01/2020-22:04:31.257210-3138,3141,3022,2696,134,128
12/01/2020-22:05:38.624393-3365,3377,3276,2694,133,104
12/01/2020-22:06:46.007527-3716,3725,3679,2693,132,129
12/01/2020-22:07:53.389058-4046,4050,4048,2694,134,126
12/01/2020-22:09:00.756779-4304,4307,4342,2694,130,125
12/01/2020-22:10:08.140750-4509,4510,4557,2694,131,107
12/01/2020-22:11:15.507681-4659,4659,4717,2694,133,121
12/01/2020-22:12:22.858983-4777,4777,4829,2694,133,115
12/01/2020-22:13:30.241102-4866,4865,4915,2694,131,108
12/01/2020-22:14:37.608875-4933,4932,4977,2695,131,119
12/01/2020-22:15:44.959474-4989,4988,5027,2695,130,122
12/01/2020-22:16:52.342153-5026,5024,5062,2695,131,109
12/01/2020-22:17:59.693872-5060,5060,5092,2695,129,121
12/01/2020-22:19:07.076453-5088,5086,5113,2695,130,120
12/01/2020-22:20:14.443041-5108,5107,5132,2696,132,122
12/01/2020-22:21:21.841519-5127,5125,5149,2695,129,115
12/01/2020-22:22:29.161430-5141,5138,5160,2696,131,114
12/01/2020-22:23:36.512590-5154,5151,5171,2696,129,110
12/01/2020-22:24:43.879420-5052,5044,5100,2696,131,115
12/01/2020-22:25:51.231143-4910,4916,4912,2696,129,123
12/01/2020-22:26:58.566178-4805,4806,4757,2696,131,123
12/01/2020-22:28:05.933491-4625,4635,4613,2696,133,121
12/01/2020-22:29:13.284773-4527,4530,4428,2696,134,123
12/01/2020-22:30:20.668428-4379,4390,4257,2697,134,106
12/01/2020-22:31:28.002870-4245,4254,4093,2696,132,123
12/01/2020-22:32:35.369711-4168,4171,3941,2695,130,122
12/01/2020-22:33:42.738790-4049,4051,3788,2695,133,100
12/01/2020-22:34:50.105938-3936,3938,3698,2696,135,126
12/01/2020-22:35:57.472928-3835,3837,3583,2696,130,124
12/01/2020-22:37:04.855987-3741,3741,3492,2696,134,121
12/01/2020-22:38:12.223371-3659,3664,3422,2696,124,124
12/01/2020-22:39:19.590105-3584,3588,3350,2695,120,128
12/01/2020-22:40:26.957690-3515,3517,3299,2696,121,125
12/01/2020-22:41:34.293128-3448,3454,3239,2695,128,128
12/01/2020-22:42:41.660916-3391,3394,3197,2695,128,111
12/01/2020-22:43:49.043451-3335,3339,3141,2697,124,115
12/01/2020-22:44:56.426234-3287,3289,3100,2695,127,112
12/01/2020-22:46:03.777445-3230,3238,3068,2695,120,125
12/01/2020-22:47:11.129217-3202,3205,3035,2695,126,107
12/01/2020-22:48:18.465444-3169,3172,3008,2696,128,110
12/01/2020-22:49:25.800501-3130,3134,2996,2696,124,124
12/01/2020-22:50:33.166909-3103,3106,2974,2696,125,114
12/01/2020-22:51:40.534176-3074,3078,2956,2696,127,127
12/01/2020-22:52:47.932895-3048,3050,2932,2695,128,110
12/01/2020-22:53:55.315439-3085,3093,3010,2695,128,120
12/01/2020-22:55:02.682964-3407,3420,3351,2694,129,126
12/01/2020-22:56:10.066697-3778,3788,3773,2693,128,109
12/01/2020-22:57:17.465025-4100,4107,4131,2694,127,116
12/01/2020-22:58:24.816722-4355,4358,4406,2694,118,123
12/01/2020-22:59:32.215368-4547,4548,4604,2694,123,100
12/01/2020-23:00:39.582993-4693,4693,4753,2694,117,121
12/01/2020-23:01:46.949410-4805,4805,4859,2695,125,119
12/01/2020-23:02:54.317626-4886,4887,4938,2694,125,116
12/01/2020-23:04:01.699263-4953,4953,4997,2694,126,118
12/01/2020-23:05:09.067766-5004,5004,5040,2695,124,109
12/01/2020-23:06:16.403321-5047,5047,5079,2695,122,114
12/01/2020-23:07:23.784937-5075,5075,5108,2695,114,094
12/01/2020-23:08:31.121675-5101,5098,5129,2695,115,113
12/01/2020-23:09:38.504312-5125,5123,5149,2695,115,115
12/01/2020-23:10:45.855062-6,1,temp oK ,51d2*5140,5:62,2695,115,110, CRC_ERR
12/01/2020-23:11:53.223854-5048,5044,5101,2695,120,114
12/01/2020-23:13:00.606618-4881,4890,4932,2695,121,112
12/01/2020-23:14:07.973779-4838,4842,4744,2696,121,113
12/01/2020-23:15:15.339947-4705,4708,4557,2695,118,109
12/01/2020-23:16:22.674813-4523,4527,4365,2696,113,118
12/01/2020-23:17:30.058005-4370,4376,4236,2696,123,108
12/01/2020-23:18:37.425331-4266,4272,4057,2695,124,124
12/01/2020-23:19:44.809576-4157,4160,3937,2695,122,113
12/01/2020-23:20:52.144993-4032,4036,3807,2695,122,112
12/01/2020-23:21:59.511509-3909,3913,3687,2695,115,112
12/01/2020-23:23:06.879413-3796,3794,3591,2695,126,123
12/01/2020-23:24:14.230264-3738,3743,3491,2695,116,111
12/01/2020-23:25:21.596674-3660,3663,3399,2695,114,123
