12/01/2020-00:22:33.647520-2295,2295,2276,2619,169,135
12/01/2020-00:23:41.016353-2295,2295,2275,2619,170,134
12/01/2020-00:24:48.383272-2295,2294,2273,2619,169,134
12/01/2020-00:25:55.751384-2292,2293,2273,2619,169,133
12/01/2020-00:27:03.133511-2290,2290,2271,2619,169,133
12/01/2020-00:28:10.469516-2288,2289,2268,2619,170,134
12/01/2020-00:29:17.820146-2290,2289,2271,2619,170,132
12/01/2020-00:30:25.155125-2290,2289,2271,2619,169,133
12/01/2020-00:31:32.522328-2286,2286,2268,2620,170,133
12/01/2020-00:32:39.904799-2286,2286,2267,2619,169,133
12/01/2020-00:33:47.271271-2287,2286,2267,2619,170,135
12/01/2020-00:34:54.623127-2288,2287,2267,2619,170,135
12/01/2020-00:36:02.007172-2288,2286,2268,2619,170,134
12/01/2020-00:37:09.406188-2287,2286,2268,2619,170,133
12/01/2020-00:38:16.773407-2290,2289,2268,2619,170,134
12/01/2020-00:39:24.157478-2290,2289,2271,2619,170,134
12/01/2020-00:40:31.507927-2290,2290,2272,2619,170,134
12/01/2020-00:41:38.890251-2292,2291,2273,2619,170,135
12/01/2020-00:42:46.257056-2290,2289,2271,2619,170,133
12/01/2020-00:43:53.624428-2288,2288,2268,2619,169,135
12/01/2020-00:45:00.991640-2291,2290,2268,2619,169,134
12/01/2020-00:46:08.358064-2288,2288,2268,2619,170,134
12/01/2020-00:47:15.739939-2286,2285,2265,2619,170,134
12/01/2020-00:48:23.139881-2285,2285,2264,2619,170,133
12/01/2020-00:49:30.506251-2286,2286,2266,2619,169,134
12/01/2020-00:50:37.873302-2285,2285,2264,2619,170,133
12/01/2020-00:51:45.239662-2288,2289,2268,2619,169,134
12/01/2020-00:52:52.607104-2291,2290,2271,2619,170,134
12/01/2020-00:53:59.989786-2296,2295,2277,2619,170,134
12/01/2020-00:55:07.324364-2292,2293,2272,2619,170,133
12/01/2020-00:56:14.675721-2292,2293,2273,2618,170,133
12/01/2020-00:57:22.026184-2296,2296,2276,2619,170,135
12/01/2020-00:58:29.377844-2297,2298,2278,2619,170,135
12/01/2020-00:59:36.744873-2298,2299,2278,2619,171,135
12/01/2020-01:00:44.111901-2301,2301,2280,2618,170,135
12/01/2020-01:01:51.462949-2302,2303,2283,2618,170,134
12/01/2020-01:02:58.814287-2305,2304,2285,2619,170,134
12/01/2020-01:04:06.198206-2307,2307,2286,2619,170,134
12/01/2020-01:05:13.532385-2309,2309,2287,2619,170,134
12/01/2020-01:06:20.914624-2307,2308,2289,2619,170,136
12/01/2020-01:07:28.299138-2310,2309,2291,2618,170,134
12/01/2020-01:08:35.650157-2309,2309,2290,2619,170,135
12/01/2020-01:09:43.000850-2309,2308,2289,2619,170,135
12/01/2020-01:10:50.335712-2309,2308,2289,2618,170,135
12/01/2020-01:11:57.703686-2310,2310,2291,2619,170,135
12/01/2020-01:13:05.038767-2309,2309,2291,2618,169,134
12/01/2020-01:14:12.421751-2306,2307,2288,2618,170,133
12/01/2020-01:15:19.756601-2307,2307,2287,2619,169,134
12/01/2020-01:16:27.123169-2310,2309,2291,2618,170,134
12/01/2020-01:17:34.490205-2307,2307,2290,2618,170,134
12/01/2020-01:18:41.824692-2309,2308,2290,2618,170,134
12/01/2020-01:19:49.225731-2307,2308,2291,2618,170,134
12/01/2020-01:20:56.576980-2309,2308,2291,2618,170,135
12/01/2020-01:22:03.944220-2309,2308,2292,2618,171,133
12/01/2020-01:23:11.311499-2309,2308,2291,2618,170,135
12/01/2020-01:24:18.678036-2312,2312,2295,2618,170,133
12/01/2020-01:25:26.029278-2310,2310,2294,2618,170,134
12/01/2020-01:26:33.396774-2309,2308,2290,2618,170,134
12/01/2020-01:27:40.764091-2310,2309,2291,2618,170,134
12/01/2020-01:28:48.130944-2310,2309,2292,2618,170,134
12/01/2020-01:29:55.497839-2310,2309,2292,2618,170,134
12/01/2020-01:31:02.850405-2310,2309,2292,2618,171,134
12/01/2020-01:32:10.201381-2307,2308,2291,2618,170,134
12/01/2020-01:33:17.568401-2309,2309,2290,2618,170,134
12/01/2020-01:34:24.950492-2311,2310,2292,2618,171,133
12/01/2020-01:35:32.318960-2309,2309,2291,2618,170,134
12/01/2020-01:36:39.684575-2310,2310,2291,2618,170,135
12/01/2020-01:37:47.037200-2310,2309,2290,2618,170,134
12/01/2020-01:38:54.387340-2307,2307,2286,2618,170,135
12/01/2020-01:40:01.755514-2306,2305,2287,2618,170,134
12/01/2020-01:41:09.121822-2306,2305,2287,2618,170,134
12/01/2020-01:42:16.489170-2309,2308,2291,2618,170,135
12/01/2020-01:43:23.841131-2306,2305,2287,2618,170,134
12/01/2020-01:44:31.175408-2306,2306,2287,2618,170,134
12/01/2020-01:45:38.542754-2306,2306,2287,2618,170,135
12/01/2020-01:46:45.924840-2307,2307,2287,2617,169,134
12/01/2020-01:47:53.275480-2313,2313,2292,2617,169,134
12/01/2020-01:49:00.627765-2315,2313,2294,2618,170,133
12/01/2020-01:50:07.994971-2315,2314,2294,2618,170,133
12/01/2020-01:51:15.377226-2316,2316,2295,2617,169,134
12/01/2020-01:52:22.728022-2316,2317,2296,2618,169,135
12/01/2020-01:53:30.110977-2321,2323,2303,2618,170,133
12/01/2020-01:54:37.478087-2324,2324,2303,2617,170,133
12/01/2020-01:55:44.827612-2324,2324,2302,2617,169,133
12/01/2020-01:56:52.180490-2325,2326,2305,2618,170,132
12/01/2020-01:57:59.547557-2324,2324,2304,2618,170,133
12/01/2020-01:59:06.930527-2323,2325,2303,2618,170,135
12/01/2020-02:00:14.345997-2323,2324,2302,2617,169,133
12/01/2020-02:01:21.697040-2324,2324,2304,2617,169,133
12/01/2020-02:02:29.063864-2320,2321,2301,2617,169,134
12/01/2020-02:03:36.399433-2320,2321,2301,2617,169,133
12/01/2020-02:04:43.782359-2321,2322,2302,2617,170,134
12/01/2020-02:05:51.150403-2323,2324,2305,2617,169,132
12/01/2020-02:06:58.517768-2324,2323,2304,2618,170,134
12/01/2020-02:08:05.868301-2323,2324,2305,2617,170,133
12/01/2020-02:09:13.219524-2319,2320,2301,2617,170,134
12/01/2020-02:10:20.555445-2321,2322,2304,2617,169,133
12/01/2020-02:11:27.906603-2321,2322,2302,2617,169,133
12/01/2020-02:12:35.258569-2321,2322,2302,2617,170,134
12/01/2020-02:13:42.625803-2321,2321,2304,2617,170,134
12/01/2020-02:14:49.977288-2324,2324,2306,2617,170,134
12/01/2020-02:15:57.312402-2324,2324,2305,2617,170,134
12/01/2020-02:17:04.662777-2325,2326,2305,2617,170,134
12/01/2020-02:18:12.014474-2324,2324,2305,2617,170,134
12/01/2020-02:19:19.366208-2324,2324,2306,2617,170,134
12/01/2020-02:20:26.733960-2326,2326,2309,2617,170,134
12/01/2020-02:21:34.084445-2325,2327,2308,2617,170,135
12/01/2020-02:22:41.467648-2330,2331,2311,2617,171,134
12/01/2020-02:23:48.835197-2330,2331,2311,2617,170,135
12/01/2020-02:24:56.202581-2330,2332,2311,2617,170,134
12/01/2020-02:26:03.585248-2329,2329,2310,2617,170,134
12/01/2020-02:27:10.969598-2328,2329,2313,2617,170,134
12/01/2020-02:28:18.352941-2328,2328,2309,2617,171,134
12/01/2020-02:29:25.721051-2325,2326,2307,2617,171,134
12/01/2020-02:30:33.071494-2325,2326,2306,2617,170,134
12/01/2020-02:31:40.439270-2324,2324,2306,2617,169,135
12/01/2020-02:32:47.774298-2323,2323,2304,2617,170,133
12/01/2020-02:33:55.157040-2321,2322,2301,2617,169,133
12/01/2020-02:35:02.525150-2324,2325,2305,2617,170,134
12/01/2020-02:36:09.892386-2323,2324,2303,2617,170,134
12/01/2020-02:37:17.274843-2323,2323,2303,2617,169,133
12/01/2020-02:38:24.610954-2321,2321,2302,2617,170,133
12/01/2020-02:39:31.977076-2326,2327,2304,2617,170,133
12/01/2020-02:40:39.344872-2318,2318,2297,2617,170,134
12/01/2020-02:41:46.694834-2314,2313,2296,2617,170,133
12/01/2020-02:42:54.063667-2313,2313,2296,2617,170,132
12/01/2020-02:44:01.414817-2312,2312,2294,2617,170,135
12/01/2020-02:45:08.782336-2315,2314,2295,2617,169,134
12/01/2020-02:46:16.149597-2312,2312,2292,2617,170,134
12/01/2020-02:47:23.501748-2312,2313,2294,2617,170,135
12/01/2020-02:48:30.820407-2315,2314,2295,2617,170,133
12/01/2020-02:49:38.140574-2315,2314,2294,2617,170,134
12/01/2020-02:50:45.475840-2318,2318,2298,2617,169,133
12/01/2020-02:51:52.827099-2321,2322,2302,2617,170,134
12/01/2020-02:53:00.210849-2326,2327,2306,2617,170,133
12/01/2020-02:54:07.594034-2326,2328,2306,2617,170,132
12/01/2020-02:55:14.959688-2325,2327,2305,2616,170,134
12/01/2020-02:56:22.296639-2326,2327,2306,2617,170,133
12/01/2020-02:57:29.696250-2325,2326,2305,2617,170,133
12/01/2020-02:58:37.063675-2325,2326,2304,2616,169,134
12/01/2020-02:59:44.414876-2326,2327,2306,2616,170,134
12/01/2020-03:00:51.734074-2325,2326,2304,2617,170,134
12/01/2020-03:01:59.133529-2323,2324,2303,2616,170,132
12/01/2020-03:03:06.517466-2324,2325,2305,2616,170,132
12/01/2020-03:04:13.899399-2347,2346,2315,2616,169,133
12/01/2020-03:05:21.225178-2349,2349,2309,2616,169,134
12/01/2020-03:06:28.585592-2351,2350,2300,2616,170,134
12/01/2020-03:07:35.914582-2344,2344,2296,2617,170,135
12/01/2020-03:08:43.258149-2347,2346,2294,2617,170,133
12/01/2020-03:09:50.564860-2345,2345,2290,2617,170,134
12/01/2020-03:10:57.924919-2344,2345,2287,2617,170,133
12/01/2020-03:12:05.279867-2343,2342,2285,2616,170,134
12/01/2020-03:13:12.622681-2340,2341,2283,2617,170,135
12/01/2020-03:14:19.935359-2340,2341,2282,2617,169,135
12/01/2020-03:15:27.279077-2340,2340,2282,2617,170,135
12/01/2020-03:16:34.637468-2342,2341,2286,2617,170,134
12/01/2020-03:17:41.971396-2341,2340,2282,2617,170,134
12/01/2020-03:18:49.308015-2338,2338,2280,2617,170,134
12/01/2020-03:19:56.643844-2337,2336,2278,2617,170,133
12/01/2020-03:21:03.987779-2335,2335,2277,2617,171,135
12/01/2020-03:22:11.377997-2334,2334,2276,2617,171,136
12/01/2020-03:23:18.745586-2333,2332,2273,2617,170,134
12/01/2020-03:24:26.057437-2332,2332,2272,2617,170,134
12/01/2020-03:25:33.356550-2329,2329,2270,2617,169,132
12/01/2020-03:26:40.718577-2328,2327,2268,2617,169,131
12/01/2020-03:27:48.086383-2326,2327,2268,2617,169,132
12/01/2020-03:28:55.447261-2325,2326,2267,2617,170,131
12/01/2020-03:30:02.778937-2325,2325,2267,2617,167,132
12/01/2020-03:31:10.101992-2326,2326,2271,2617,169,131
12/01/2020-03:32:17.491633-2325,2326,2267,2617,168,131
12/01/2020-03:33:24.802379-2324,2323,2267,2617,169,133
12/01/2020-03:34:32.167005-2323,2323,2266,2617,169,132
12/01/2020-03:35:39.546662-2321,2322,2266,2617,169,131
12/01/2020-03:36:46.913133-2320,2319,2262,2617,169,130
12/01/2020-03:37:54.255782-2317,2317,2259,2617,169,133
12/01/2020-03:39:01.617059-2316,2317,2261,2617,169,131
12/01/2020-03:40:08.968636-2316,2316,2261,2617,169,131
12/01/2020-03:41:16.256860-2315,2314,2259,2617,169,133
12/01/2020-03:42:23.622862-2312,2312,2254,2617,169,133
12/01/2020-03:43:30.974706-2310,2309,2252,2617,169,131
12/01/2020-03:44:38.310037-2306,2307,2252,2617,170,132
12/01/2020-03:45:45.613635-2307,2307,2248,2617,169,133
12/01/2020-03:46:52.961240-2306,2305,2251,2617,170,132
12/01/2020-03:48:00.314738-2307,2306,2251,2617,170,133
12/01/2020-03:49:07.681745-2310,2309,2252,2617,169,132
12/01/2020-03:50:15.017980-2307,2307,2248,2617,170,133
12/01/2020-03:51:22.368422-2306,2305,2243,2617,170,132
12/01/2020-03:52:29.704485-2306,2305,2247,2617,170,133
12/01/2020-03:53:37.037438-2307,2307,2252,2617,169,133
12/01/2020-03:54:44.366176-2310,2309,2259,2617,167,131
12/01/2020-03:55:51.694275-2311,2312,2262,2617,167,129
12/01/2020-03:56:59.004374-2314,2313,2257,2617,169,132
12/01/2020-03:58:06.360584-2315,2314,2262,2617,169,131
12/01/2020-03:59:13.701699-2316,2316,2259,2617,168,131
12/01/2020-04:00:21.067484-2317,2317,2262,2617,169,131
12/01/2020-04:01:28.433819-2315,2316,2262,2617,168,131
12/01/2020-04:02:35.744962-2318,2318,2259,2617,168,131
12/01/2020-04:03:43.057717-2320,2319,2261,2617,168,132
12/01/2020-04:04:50.361701-2321,2321,2261,2617,169,131
12/01/2020-04:05:57.697417-2320,2319,2259,2617,168,131
12/01/2020-04:07:05.064145-2318,2317,2256,2617,168,130
12/01/2020-04:08:12.412532-2317,2317,2254,2617,168,132
12/01/2020-04:09:19.766017-2316,2316,2257,2617,168,131
12/01/2020-04:10:27.117119-2318,2317,2257,2617,169,131
12/01/2020-04:11:34.458276-2316,2316,2256,2617,168,131
12/01/2020-04:12:41.788631-2315,2315,2256,2617,169,132
12/01/2020-04:13:49.139467-2316,2315,2256,2617,170,132
12/01/2020-04:14:56.489725-2315,2314,2256,2617,169,132
12/01/2020-04:16:03.875678-2315,2314,2256,2617,169,133
12/01/2020-04:17:11.242268-2315,2314,2256,2617,169,132
12/01/2020-04:18:18.607704-2315,2315,2257,2617,170,132
12/01/2020-04:19:25.922608-2314,2313,2254,2617,170,134
12/01/2020-04:20:33.280387-2312,2312,2252,2617,170,134
12/01/2020-04:21:40.661535-2312,2312,2252,2617,168,133
12/01/2020-04:22:48.029357-2311,2310,2252,2617,169,131
12/01/2020-04:23:55.397133-2310,2308,2249,2617,170,131
12/01/2020-04:25:02.725832-2309,2308,2249,2617,170,130
12/01/2020-04:26:10.064217-2310,2308,2249,2617,169,132
12/01/2020-04:27:17.419789-2309,2308,2250,2617,168,131
12/01/2020-04:28:24.787316-2310,2308,2249,2617,169,132
12/01/2020-04:29:32.122766-2309,2307,2249,2617,168,133
12/01/2020-04:30:39.489582-2307,2307,2248,2617,169,133
12/01/2020-04:31:46.857006-2307,2307,2248,2617,169,133
12/01/2020-04:32:54.190577-2306,2305,2247,2617,169,133
12/01/2020-04:34:01.559546-2305,2304,2247,2617,169,131
12/01/2020-04:35:08.910368-2304,2303,2244,2617,170,131
12/01/2020-04:36:16.245066-2302,2303,2244,2617,169,132
12/01/2020-04:37:23.578992-2303,2303,2244,2617,169,132
12/01/2020-04:38:30.904072-2302,2302,2244,2617,169,132
12/01/2020-04:39:38.219890-2302,2302,2244,2617,168,130
12/01/2020-04:40:45.564835-2301,2300,2243,2616,168,130
12/01/2020-04:41:52.890037-2301,2300,2243,2616,168,131
12/01/2020-04:43:00.198413-2301,2300,2242,2616,167,130
12/01/2020-04:44:07.543131-2298,2299,2239,2616,168,132
12/01/2020-04:45:14.885712-2297,2297,2238,2616,168,130
12/01/2020-04:46:22.195714-2297,2298,2242,2617,168,130
12/01/2020-04:47:29.580581-2297,2297,2240,2616,168,130
12/01/2020-04:48:36.913464-2296,2295,2238,2616,168,131
12/01/2020-04:49:44.233712-2295,2294,2238,2616,167,130
12/01/2020-04:50:51.569787-2295,2294,2237,2616,167,131
12/01/2020-04:51:58.935477-2292,2291,2229,2616,167,128
12/01/2020-04:53:06.288227-2292,2291,2230,2616,167,129
12/01/2020-04:54:13.625196-2291,2290,2229,2616,167,130
12/01/2020-04:55:21.007536-2290,2289,2225,2616,168,128
12/01/2020-04:56:28.374998-2288,2288,2224,2616,168,132
12/01/2020-04:57:35.742599-2287,2287,2225,2616,167,130
12/01/2020-04:58:43.076383-2288,2288,2225,2616,168,130
12/01/2020-04:59:50.428886-2287,2286,2224,2616,167,130
12/01/2020-05:00:57.794130-2290,2289,2227,2616,166,131
12/01/2020-05:02:05.107471-2292,2293,2230,2616,167,131
12/01/2020-05:03:12.449211-2293,2293,2230,2616,167,130
12/01/2020-05:04:19.801697-2294,2293,2230,2616,166,129
12/01/2020-05:05:27.120801-2295,2294,2232,2616,167,129
12/01/2020-05:06:34.431460-2295,2295,2239,2616,167,130
12/01/2020-05:07:41.794696-2300,2299,2248,2616,167,128
12/01/2020-05:08:49.174771-2305,2305,2245,2616,168,131
12/01/2020-05:09:56.512902-2307,2307,2248,2615,169,130
12/01/2020-05:11:03.877113-2307,2307,2245,2615,169,130
12/01/2020-05:12:11.228450-2306,2305,2246,2615,168,129
12/01/2020-05:13:18.531192-2309,2308,2252,2615,168,129
12/01/2020-05:14:25.897414-2310,2309,2251,2615,168,131
12/01/2020-05:15:33.232611-2309,2308,2247,2616,168,131
12/01/2020-05:16:40.599245-2306,2305,2246,2615,169,129
12/01/2020-05:17:47.953597-2307,2305,2247,2615,169,132
12/01/2020-05:18:55.273946-2306,2305,2245,2615,169,134
12/01/2020-05:20:02.598484-2304,2303,2244,2615,170,132
12/01/2020-05:21:09.911713-2304,2303,2244,2615,170,132
12/01/2020-05:22:17.262344-2302,2302,2243,2615,170,132
12/01/2020-05:23:24.600751-2302,2302,2241,2615,170,133
12/01/2020-05:24:31.948996-2300,2300,2239,2615,169,135
12/01/2020-05:25:39.253115-2300,2298,2238,2615,170,133
12/01/2020-05:26:46.608160-2298,2296,2237,2615,170,133
12/01/2020-05:27:53.954661-2297,2298,2237,2615,170,133
12/01/2020-05:29:01.321862-2298,2297,2238,2615,171,134
12/01/2020-05:30:08.705969-2299,2299,2239,2615,170,132
12/01/2020-05:31:15.984900-2297,2297,2238,2615,170,134
12/01/2020-05:32:23.311493-2297,2296,2237,2615,170,133
12/01/2020-05:33:30.646151-2296,2296,2237,2615,170,132
12/01/2020-05:34:37.966296-2297,2296,2238,2615,170,134
12/01/2020-05:35:45.333295-2296,2295,2237,2615,170,133
12/01/2020-05:36:52.669047-2292,2291,2228,2615,170,135
12/01/2020-05:38:00.033893-2290,2289,2228,2614,170,134
12/01/2020-05:39:07.395254-2287,2286,2224,2615,169,134
12/01/2020-05:40:14.738409-2285,2284,2220,2614,170,133
12/01/2020-05:41:22.089747-2282,2281,2220,2615,170,134
12/01/2020-05:42:29.423187-2281,2280,2218,2615,170,135
12/01/2020-05:43:36.744288-2279,2279,2216,2615,170,134
12/01/2020-05:44:44.082220-2280,2279,2221,2615,169,134
12/01/2020-05:45:51.443001-2282,2281,2223,2615,170,133
12/01/2020-05:46:58.797164-2284,2283,2226,2615,170,133
12/01/2020-05:48:06.137289-2286,2286,2230,2615,170,134
12/01/2020-05:49:13.436680-2287,2286,2229,2615,171,134
12/01/2020-05:50:20.804881-2288,2288,2232,2615,170,135
12/01/2020-05:51:28.159356-2288,2286,2230,2615,170,134
12/01/2020-05:52:35.518995-2288,2288,2232,2615,170,135
12/01/2020-05:53:42.872169-2287,2286,2230,2614,170,134
12/01/2020-05:54:50.221871-2286,2285,2230,2615,170,133
12/01/2020-05:55:57.598399-2286,2285,2229,2615,169,133
12/01/2020-05:57:04.972662-2285,2284,2225,2615,170,134
12/01/2020-05:58:12.303919-2285,2285,2227,2614,170,134
12/01/2020-05:59:19.659957-2285,2284,2225,2615,170,134
12/01/2020-06:00:27.020187-2283,2283,2223,2614,169,133
12/01/2020-06:01:34.378984-2282,2281,2222,2614,168,131
12/01/2020-06:02:41.746078-2282,2281,2220,2614,169,133
12/01/2020-06:03:49.041815-2285,2284,2224,2614,170,133
12/01/2020-06:04:56.353930-2285,2284,2224,2614,169,134
12/01/2020-06:06:03.700340-2287,2286,2226,2614,169,132
12/01/2020-06:07:11.022789-2287,2286,2225,2614,170,133
12/01/2020-06:08:18.377348-2287,2286,2223,2614,169,133
12/01/2020-06:09:25.741984-2286,2285,2220,2614,169,133
12/01/2020-06:10:33.076704-2286,2285,2221,2614,169,134
12/01/2020-06:11:40.429205-2288,2286,2224,2613,169,132
12/01/2020-06:12:47.729947-2287,2286,2223,2614,170,134
12/01/2020-06:13:55.055826-2287,2286,2223,2614,169,133
12/01/2020-06:15:02.432780-2291,2290,2229,2614,169,133
12/01/2020-06:16:09.768942-2292,2291,2230,2614,169,134
12/01/2020-06:17:17.119844-2291,2290,2229,2613,169,134
12/01/2020-06:18:24.486430-2291,2290,2229,2614,169,133
12/01/2020-06:19:31.856044-2290,2289,2227,2614,169,133
12/01/2020-06:20:39.206011-2292,2291,2232,2613,169,133
12/01/2020-06:21:46.582048-2295,2294,2234,2613,170,133
12/01/2020-06:22:53.956217-2293,2293,2232,2613,169,132
12/01/2020-06:24:01.292346-2292,2291,2232,2614,169,133
12/01/2020-06:25:08.644148-2292,2291,2232,2613,169,134
12/01/2020-06:26:15.947198-2292,2291,2229,2613,169,132
12/01/2020-06:27:23.287756-2292,2291,2231,2612,166,129
12/01/2020-06:28:30.664424-2295,2294,2237,2613,168,129
12/01/2020-06:29:38.000368-2296,2296,2238,2613,167,128
12/01/2020-06:30:45.357413-2296,2295,2234,2613,166,130
12/01/2020-06:31:52.721627-2295,2295,2235,2613,169,131
12/01/2020-06:33:00.070843-2297,2296,2239,2613,168,130
12/01/2020-06:34:07.468441-2299,2299,2242,2612,168,131
12/01/2020-06:35:14.813903-2301,2300,2244,2613,168,131
12/01/2020-06:36:22.181103-2299,2299,2241,2613,169,131
12/01/2020-06:37:29.522341-2300,2299,2242,2613,168,130
12/01/2020-06:38:36.859126-2299,2299,2241,2613,168,132
12/01/2020-06:39:44.225682-2297,2296,2238,2613,168,130
12/01/2020-06:40:51.554595-2296,2295,2235,2613,168,131
12/01/2020-06:41:58.880307-2295,2294,2234,2613,168,130
12/01/2020-06:43:06.216691-2295,2294,2237,2613,169,133
12/01/2020-06:44:13.546030-2296,2295,2237,2613,169,132
12/01/2020-06:45:20.901175-2295,2294,2234,2613,169,132
12/01/2020-06:46:28.214559-2292,2293,2232,2613,169,133
12/01/2020-06:47:35.551548-2291,2291,2230,2613,169,132
12/01/2020-06:48:42.874862-2291,2290,2231,2612,169,133
12/01/2020-06:49:50.243280-2291,2290,2232,2612,169,132
12/01/2020-06:50:57.578366-2291,2290,2230,2612,169,134
12/01/2020-06:52:04.911657-2290,2289,2230,2613,169,132
12/01/2020-06:53:12.232696-2288,2288,2229,2613,168,132
12/01/2020-06:54:19.583525-2287,2286,2227,2613,169,132
12/01/2020-06:55:26.951331-2286,2285,2227,2613,169,132
12/01/2020-06:56:34.284973-2286,2285,2227,2612,170,132
12/01/2020-06:57:41.589542-2283,2283,2221,2612,169,133
12/01/2020-06:58:48.956770-2281,2280,2220,2612,169,132
12/01/2020-06:59:56.286480-2279,2279,2218,2611,169,132
12/01/2020-07:01:03.587884-2278,2277,2219,2612,170,132
12/01/2020-07:02:10.947552-2281,2279,2219,2613,170,132
12/01/2020-07:03:18.283303-2278,2279,2216,2612,170,131
12/01/2020-07:04:25.590052-2278,2279,2216,2611,169,133
12/01/2020-07:05:32.950215-2278,2277,2215,2611,170,132
12/01/2020-07:06:40.277452-2277,2276,2214,2612,170,132
12/01/2020-07:07:47.608545-2278,2276,2214,2612,169,132
12/01/2020-07:08:54.958577-2277,2276,2214,2611,169,132
12/01/2020-07:10:02.300051-2279,2278,2216,2611,169,134
12/01/2020-07:11:09.645701-2279,2279,2215,2611,169,131
12/01/2020-07:12:17.044684-2280,2279,2215,2611,170,132
12/01/2020-07:13:24.383097-2282,2282,2220,2612,169,133
12/01/2020-07:14:31.717816-2284,2284,2222,2612,170,131
12/01/2020-07:15:39.081377-2287,2286,2225,2612,169,132
12/01/2020-07:16:46.401344-2291,2291,2230,2612,169,133
12/01/2020-07:17:53.739681-2292,2293,2230,2612,168,132
12/01/2020-07:19:01.120866-2295,2294,2234,2612,170,132
12/01/2020-07:20:08.462798-2292,2293,2229,2612,169,133
12/01/2020-07:21:15.837886-2290,2289,2228,2611,169,133
12/01/2020-07:22:23.181174-2290,2290,2229,2611,169,131
12/01/2020-07:23:30.534390-2292,2291,2233,2611,169,131
12/01/2020-07:24:37.892356-2295,2294,2235,2611,169,132
12/01/2020-07:25:45.233902-2295,2294,2235,2611,169,133
12/01/2020-07:26:52.580273-2295,2294,2235,2611,169,132
12/01/2020-07:27:59.914202-2293,2294,2232,2611,170,132
12/01/2020-07:29:07.265226-2292,2291,2232,2611,169,132
12/01/2020-07:30:14.595274-2292,2291,2233,2611,169,132
12/01/2020-07:31:21.919979-2292,2291,2230,2611,170,133
12/01/2020-07:32:29.255759-2292,2291,2232,2610,169,131
12/01/2020-07:33:36.590962-2295,2293,2235,2611,169,132
12/01/2020-07:34:43.958655-2295,2295,2235,2610,169,132
12/01/2020-07:35:51.323421-2295,2294,2233,2611,168,132
12/01/2020-07:36:58.652617-2293,2293,2233,2611,171,135
12/01/2020-07:38:05.949901-2294,2293,2232,2611,171,136
12/01/2020-07:39:13.318042-2292,2293,2232,2611,171,136
12/01/2020-07:40:20.667824-2295,2294,2234,2610,171,135
12/01/2020-07:41:28.002310-2295,2294,2234,2611,169,133
12/01/2020-07:42:35.338116-2295,2294,2235,2611,170,132
12/01/2020-07:43:42.655908-2295,2294,2234,2611,170,133
12/01/2020-07:44:49.993187-2292,2293,2232,2611,169,133
12/01/2020-07:45:57.343580-2293,2293,2234,2611,169,131
12/01/2020-07:47:04.709425-2291,2290,2229,2611,169,132
12/01/2020-07:48:12.043783-2291,2290,2230,2610,170,132
12/01/2020-07:49:19.365099-2290,2289,2232,2610,169,132
12/01/2020-07:50:26.682986-2288,2288,2229,2611,170,132
12/01/2020-07:51:33.995665-2287,2286,2225,2611,168,131
12/01/2020-07:52:41.322974-2287,2286,2227,2610,168,131
12/01/2020-07:53:48.699074-2287,2286,2228,2610,169,132
12/01/2020-07:54:56.022485-2286,2285,2226,2610,169,132
12/01/2020-07:56:03.360443-2286,2286,2228,2610,167,132
12/01/2020-07:57:10.668127-2286,2285,2227,2611,168,132
12/01/2020-07:58:18.014446-2286,2286,2228,2610,168,132
12/01/2020-07:59:25.350102-2285,2285,2225,2610,168,132
12/01/2020-08:00:32.716192-2284,2283,2225,2610,169,132
12/01/2020-08:01:40.037228-2282,2281,2223,2610,168,130
12/01/2020-08:02:47.388789-2282,2281,2223,2610,168,130
12/01/2020-08:03:54.755700-2278,2278,2220,2610,169,131
12/01/2020-08:05:02.051698-2278,2276,2218,2610,169,132
12/01/2020-08:06:09.396280-2276,2275,2214,2610,169,132
12/01/2020-08:07:16.746528-2273,2272,2215,2610,168,131
12/01/2020-08:08:24.082203-2277,2276,2216,2610,169,131
12/01/2020-08:09:31.401372-2277,2275,2215,2610,168,129
12/01/2020-08:10:38.736500-2273,2271,2209,2610,169,132
12/01/2020-08:11:46.118293-2272,2271,2207,2610,169,131
12/01/2020-08:12:53.456503-2271,2270,2208,2610,169,131
12/01/2020-08:14:00.777922-2271,2271,2208,2610,168,131
12/01/2020-08:15:08.125282-2272,2271,2209,2610,169,133
12/01/2020-08:16:15.459256-2273,2272,2209,2609,170,134
12/01/2020-08:17:22.811791-2274,2274,2207,2609,171,134
12/01/2020-08:18:30.157368-2274,2274,2211,2610,170,134
12/01/2020-08:19:37.532874-2274,2274,2208,2610,170,134
12/01/2020-08:20:44.881967-2273,2271,2203,2610,170,135
12/01/2020-08:21:52.201998-2268,2269,2197,2609,169,134
12/01/2020-08:22:59.510651-2264,2265,2194,2609,170,134
12/01/2020-08:24:06.824444-2260,2261,2190,2609,170,135
12/01/2020-08:25:14.165772-2258,2258,2189,2609,169,134
12/01/2020-08:26:21.530070-2258,2258,2191,2609,170,135
12/01/2020-08:27:28.847362-2259,2260,2191,2609,170,135
12/01/2020-08:28:36.214432-2258,2258,2192,2609,170,134
12/01/2020-08:29:43.549607-2261,2261,2197,2609,170,135
12/01/2020-08:30:50.885977-2263,2262,2195,2609,170,133
12/01/2020-08:31:58.251132-2261,2261,2194,2609,170,133
12/01/2020-08:33:05.587193-2261,2261,2194,2609,169,135
12/01/2020-08:34:12.954617-2261,2261,2196,2608,169,134
12/01/2020-08:35:20.292053-2262,2262,2195,2608,170,135
12/01/2020-08:36:27.621530-2261,2261,2196,2608,170,135
12/01/2020-08:37:34.961325-2258,2260,2191,2608,170,134
12/01/2020-08:38:42.310227-2260,2260,2196,2608,170,135
12/01/2020-08:39:49.614759-2260,2261,2195,2609,170,133
12/01/2020-08:40:56.964877-2259,2260,2194,2609,170,133
12/01/2020-08:42:04.333809-2258,2258,2191,2609,169,135
12/01/2020-08:43:11.666639-2259,2258,2194,2608,169,134
12/01/2020-08:44:19.001137-2258,2258,2192,2609,170,133
12/01/2020-08:45:26.338726-2257,2257,2191,2609,170,134
12/01/2020-08:46:33.691113-2257,2257,2190,2608,170,134
12/01/2020-08:47:41.026401-2255,2255,2190,2609,171,134
12/01/2020-08:48:48.359966-2253,2253,2186,2609,169,135
12/01/2020-08:49:55.696787-2252,2252,2186,2609,170,135
12/01/2020-08:51:03.032327-2249,2249,2185,2608,169,134
12/01/2020-08:52:10.415957-2250,2250,2185,2609,170,134
12/01/2020-08:53:17.756437-2251,2251,2186,2609,170,135
12/01/2020-08:54:25.134742-2255,2256,2193,2609,170,134
12/01/2020-08:55:32.475760-2257,2257,2194,2608,170,136
12/01/2020-08:56:39.835742-2259,2258,2196,2609,170,136
12/01/2020-08:57:47.171635-2263,2263,2202,2608,171,134
12/01/2020-08:58:54.522202-2264,2265,2204,2608,169,132
12/01/2020-09:00:01.825580-2267,2266,2206,2607,168,128
12/01/2020-09:01:09.160847-2264,2265,2202,2608,169,132
12/01/2020-09:02:16.495870-2258,2258,2190,2607,169,132
12/01/2020-09:03:23.878022-2252,2252,2185,2607,170,137
12/01/2020-09:04:31.229368-2247,2246,2185,2608,168,131
12/01/2020-09:05:38.629060-2247,2246,2181,2607,169,132
12/01/2020-09:06:45.995012-2246,2246,2180,2607,169,132
12/01/2020-09:07:53.345263-2245,2245,2180,2607,169,133
12/01/2020-09:09:00.713523-2243,2242,2176,2608,169,132
12/01/2020-09:10:08.111118-2241,2241,2176,2608,170,134
12/01/2020-09:11:15.493800-2240,2238,2173,2608,170,133
12/01/2020-09:12:22.878070-2238,2237,2171,2608,169,133
12/01/2020-09:13:30.277757-2235,2234,2168,2608,170,135
12/01/2020-09:14:37.627947-2236,2236,2172,2608,170,134
12/01/2020-09:15:44.979796-2241,2241,2180,2608,170,133
12/01/2020-09:16:52.331390-2240,2241,2177,2606,170,134
12/01/2020-09:17:59.698537-2241,2241,2176,2606,170,134
12/01/2020-09:19:07.065625-2243,2242,2175,2607,169,134
12/01/2020-09:20:14.416164-2239,2238,2168,2607,170,134
12/01/2020-09:21:21.751033-2240,2239,2170,2606,170,133
12/01/2020-09:22:29.085695-2240,2239,2169,2607,171,133
12/01/2020-09:23:36.438800-2240,2239,2169,2607,170,134
12/01/2020-09:24:43.743471-2244,2243,2176,2606,169,133
12/01/2020-09:25:51.049697-2243,2242,2172,2607,169,131
12/01/2020-09:26:58.383338-2244,2243,2173,2607,170,131
12/01/2020-09:28:05.734154-2245,2244,2172,2606,169,132
12/01/2020-09:29:13.040043-2245,2244,2172,2607,170,132
12/01/2020-09:30:20.401485-2245,2244,2173,2606,170,133
12/01/2020-09:31:27.768455-2245,2243,2175,2607,170,133
12/01/2020-09:32:35.151579-2245,2244,2176,2607,170,135
12/01/2020-09:33:42.472138-2246,2246,2177,2607,169,132
12/01/2020-09:34:49.837287-2245,2244,2175,2607,170,132
12/01/2020-09:35:57.174851-2244,2243,2176,2607,169,132
12/01/2020-09:37:04.541205-2244,2243,2176,2606,169,133
12/01/2020-09:38:11.877342-2247,2246,2180,2607,169,133
12/01/2020-09:39:19.208904-2248,2247,2182,2606,170,132
12/01/2020-09:40:26.548029-2248,2248,2182,2607,169,133
12/01/2020-09:41:33.838334-2248,2247,2181,2607,169,133
12/01/2020-09:42:41.146065-2248,2247,2180,2606,169,133
12/01/2020-09:43:48.534396-2248,2247,2181,2606,169,134
12/01/2020-09:44:55.904963-2248,2246,2181,2607,169,132
12/01/2020-09:46:03.240440-2247,2246,2181,2607,169,133
12/01/2020-09:47:10.589343-2245,2246,2179,2606,169,133
12/01/2020-09:48:17.910774-2246,2245,2179,2606,169,133
12/01/2020-09:49:25.229580-2244,2243,2177,2606,170,133
12/01/2020-09:50:32.556074-2244,2243,2177,2606,169,132
12/01/2020-09:51:39.883229-2244,2243,2178,2606,169,132
12/01/2020-09:52:47.204242-2244,2243,2177,2605,170,132
12/01/2020-09:53:54.520133-2244,2244,2180,2606,170,133
12/01/2020-09:55:01.872807-2244,2243,2177,2605,169,133
12/01/2020-09:56:09.208818-2244,2243,2176,2605,170,133
12/01/2020-09:57:16.531446-2243,2241,2176,2606,169,132
12/01/2020-09:58:23.895058-2242,2242,2176,2606,169,133
12/01/2020-09:59:31.261225-2241,2241,2175,2605,169,134
12/01/2020-10:00:38.574076-2240,2239,2175,2605,170,132
12/01/2020-10:01:45.900338-2240,2239,2171,2605,170,134
12/01/2020-10:02:53.223408-2240,2239,2174,2605,170,132
12/01/2020-10:04:00.560474-2238,2237,2171,2605,169,133
12/01/2020-10:05:07.889284-2239,2237,2171,2605,170,133
12/01/2020-10:06:15.273413-2240,2239,2173,2605,170,133
12/01/2020-10:07:22.634760-2238,2238,2172,2606,170,133
12/01/2020-10:08:29.958017-2236,2236,2170,2605,170,134
12/01/2020-10:09:37.267169-2234,2234,2170,2604,170,132
12/01/2020-10:10:44.630321-2235,2234,2170,2605,169,133
12/01/2020-10:11:51.997770-2233,2232,2167,2604,169,133
12/01/2020-10:12:59.331819-2233,2232,2168,2605,169,134
12/01/2020-10:14:06.667029-2230,2229,2163,2604,170,133
12/01/2020-10:15:14.018683-2229,2228,2163,2604,169,134
12/01/2020-10:16:21.385090-2230,2228,2165,2605,168,131
12/01/2020-10:17:28.737327-2229,2228,2165,2605,169,133
12/01/2020-10:18:36.118417-2226,2225,2161,2604,169,133
12/01/2020-10:19:43.445797-2225,2225,2161,2604,169,134
12/01/2020-10:20:50.790933-2225,2224,2160,2604,170,133
12/01/2020-10:21:58.140798-2225,2225,2161,2604,169,134
12/01/2020-10:23:05.461334-2225,2224,2160,2604,169,132
12/01/2020-10:24:12.810699-2223,2222,2157,2604,169,132
12/01/2020-10:25:20.150650-2220,2219,2155,2604,169,131
12/01/2020-10:26:27.452261-2219,2219,2156,2604,170,132
12/01/2020-10:27:34.769886-2219,2218,2155,2604,169,131
12/01/2020-10:28:42.121016-2216,2215,2151,2604,169,132
12/01/2020-10:29:49.456063-2215,2214,2148,2604,170,132
12/01/2020-10:30:56.761515-2212,2211,2147,2604,170,133
12/01/2020-10:32:04.126190-2211,2210,2147,2604,170,133
12/01/2020-10:33:11.459457-2211,2210,2146,2604,170,133
12/01/2020-10:34:18.842970-2210,2209,2146,2604,170,133
12/01/2020-10:35:26.226998-2209,2208,2143,2604,169,132
12/01/2020-10:36:33.595124-2209,2207,2145,2604,170,132
12/01/2020-10:37:40.924693-2209,2208,2146,2604,170,133
12/01/2020-10:38:48.247769-2207,2207,2145,2604,170,133
12/01/2020-10:39:55.584764-2206,2205,2143,2604,170,133
12/01/2020-10:41:02.919284-2206,2204,2143,2603,170,134
12/01/2020-10:42:10.229667-2206,2205,2143,2604,169,132
12/01/2020-10:43:17.556468-2204,2203,2141,2603,170,134
12/01/2020-10:44:24.907711-2205,2204,2142,2603,170,133
12/01/2020-10:45:32.243339-2202,2202,2141,2602,170,134
12/01/2020-10:46:39.562339-2202,2201,2140,2602,169,132
12/01/2020-10:47:46.897650-2200,2200,2138,2602,170,133
12/01/2020-10:48:54.232940-2201,2200,2140,2602,170,134
12/01/2020-10:50:01.567631-2200,2200,2138,2602,168,131
12/01/2020-10:51:08.935034-2200,2200,2140,2601,169,131
12/01/2020-10:52:16.277485-2200,2200,2139,2602,168,132
12/01/2020-10:53:23.667158-2197,2198,2133,2602,169,131
12/01/2020-10:54:30.988069-2198,2198,2136,2602,169,130
12/01/2020-10:55:38.338633-2197,2198,2137,2602,170,131
12/01/2020-10:56:45.672120-2196,2196,2135,2602,169,132
12/01/2020-10:57:53.040022-2192,2191,2129,2602,168,132
12/01/2020-10:59:00.382807-2192,2191,2131,2602,169,132
12/01/2020-11:00:07.725088-2190,2190,2128,2602,169,131
12/01/2020-11:01:15.061223-2190,2190,2128,2602,168,131
12/01/2020-11:02:22.413247-2188,2189,2127,2602,170,131
12/01/2020-11:03:29.796411-2187,2187,2126,2602,169,131
12/01/2020-11:04:37.133407-2187,2188,2126,2602,170,134
12/01/2020-11:05:44.450766-2185,2185,2123,2602,171,135
12/01/2020-11:06:51.803770-2183,2184,2123,2601,171,135
12/01/2020-11:07:59.152944-2183,2182,2122,2602,170,134
12/01/2020-11:09:06.477753-2183,2182,2122,2601,170,134
12/01/2020-11:10:13.806554-2183,2181,2121,2601,169,133
12/01/2020-11:11:21.189162-2177,2176,2113,2600,170,134
12/01/2020-11:12:28.535026-2176,2175,2114,2602,171,135
12/01/2020-11:13:35.890061-2177,2176,2117,2600,170,134
12/01/2020-11:14:43.242118-2177,2176,2118,2601,170,135
12/01/2020-11:15:50.551928-2177,2176,2116,2601,170,132
12/01/2020-11:16:57.864371-2177,2176,2117,2601,169,132
12/01/2020-11:18:05.190780-2176,2175,2117,2601,171,136
12/01/2020-11:19:12.513456-2173,2172,2113,2601,171,135
12/01/2020-11:20:19.839013-2174,2174,2114,2601,169,134
12/01/2020-11:21:27.204212-2171,2171,2111,2600,170,133
12/01/2020-11:22:34.585299-2171,2170,2110,2601,170,133
12/01/2020-11:23:41.928708-2168,2167,2109,2600,170,134
12/01/2020-11:24:49.257012-2168,2167,2109,2601,170,134
12/01/2020-11:25:56.577233-2167,2166,2106,2600,170,134
12/01/2020-11:27:03.942029-2167,2166,2107,2600,169,132
12/01/2020-11:28:11.259181-2166,2165,2106,2600,170,132
12/01/2020-11:29:18.596987-2164,2163,2104,2599,170,133
12/01/2020-11:30:25.963212-2163,2164,2103,2599,170,133
12/01/2020-11:31:33.330144-2162,2161,2102,2600,169,132
12/01/2020-11:32:40.729879-2162,2161,2103,2600,170,132
12/01/2020-11:33:48.080515-2161,2160,2102,2600,170,134
12/01/2020-11:34:55.416806-2159,2159,2102,2599,170,133
12/01/2020-11:36:02.783567-2158,2159,2102,2600,169,134
12/01/2020-11:37:10.118599-2157,2156,2097,2600,169,133
12/01/2020-11:38:17.453369-2157,2156,2097,2599,169,131
12/01/2020-11:39:24.774651-2156,2155,2097,2600,167,130
12/01/2020-11:40:32.154845-2154,2154,2095,2600,166,129
12/01/2020-11:41:39.489928-2152,2151,2092,2600,168,130
12/01/2020-11:42:46.824371-2151,2150,2093,2600,168,129
12/01/2020-11:43:54.112218-2151,2151,2092,2600,169,130
12/01/2020-11:45:01.439864-2149,2148,2089,2600,169,132
12/01/2020-11:46:08.799133-2146,2145,2084,2599,170,134
12/01/2020-11:47:16.106011-2141,2140,2080,2599,170,133
12/01/2020-11:48:23.468180-2136,2135,2073,2600,168,130
12/01/2020-11:49:30.833658-2129,2129,2065,2599,168,129
12/01/2020-11:50:38.153591-2125,2126,2060,2598,169,133
12/01/2020-11:51:45.493396-2123,2123,2060,2599,170,133
12/01/2020-11:52:52.831883-2122,2121,2057,2598,168,130
12/01/2020-11:54:00.204795-2120,2120,2058,2599,168,132
12/01/2020-11:55:07.537133-2120,2120,2060,2599,168,130
12/01/2020-11:56:14.924285-2120,2120,2059,2598,169,132
12/01/2020-11:57:22.272200-2118,2117,2058,2598,168,131
12/01/2020-11:58:29.602999-2119,2118,2058,2598,168,131
12/01/2020-11:59:36.936129-2117,2117,2058,2599,169,130
12/01/2020-12:00:44.237784-2117,2117,2057,2597,169,131
12/01/2020-12:01:51.571700-2117,2117,2059,2598,169,130
12/01/2020-12:02:58.903141-2114,2113,2054,2598,169,132
12/01/2020-12:04:06.244586-2114,2113,2053,2598,170,131
12/01/2020-12:05:13.556582-2112,2111,2050,2597,170,133
12/01/2020-12:06:20.932085-2112,2110,2049,2597,169,132
12/01/2020-12:07:28.335641-2124,2124,2082,2598,170,133
12/01/2020-12:08:35.693964-2141,2140,2109,2598,170,135
12/01/2020-12:09:43.038210-2149,2148,2123,2598,170,134
12/01/2020-12:10:50.390177-2153,2152,2129,2598,169,135
12/01/2020-12:11:57.771963-2158,2157,2129,2597,170,133
12/01/2020-12:13:05.123314-2159,2159,2133,2597,170,133
12/01/2020-12:14:12.429440-2160,2160,2131,2598,170,133
12/01/2020-12:15:19.768364-2162,2161,2135,2597,170,135
12/01/2020-12:16:27.127788-2161,2160,2140,2597,170,134
12/01/2020-12:17:34.499553-2162,2161,2133,2597,170,135
12/01/2020-12:18:41.846015-2163,2161,2135,2597,170,134
12/01/2020-12:19:49.196479-2161,2160,2134,2597,170,134
12/01/2020-12:20:56.548615-2162,2161,2136,2597,170,133
12/01/2020-12:22:03.867205-2161,2160,2133,2597,170,133
12/01/2020-12:23:11.218148-2161,2161,2133,2597,170,134
12/01/2020-12:24:18.529358-2161,2160,2133,2597,170,133
12/01/2020-12:25:25.856114-2161,2160,2133,2597,170,134
12/01/2020-12:26:33.190296-2158,2157,2135,2597,170,134
12/01/2020-12:27:40.525901-2158,2157,2135,2596,170,135
12/01/2020-12:28:47.869089-2156,2155,2132,2597,170,134
12/01/2020-12:29:55.226621-2157,2156,2129,2596,170,135
12/01/2020-12:31:02.561852-2156,2156,2128,2596,170,134
12/01/2020-12:32:09.914162-2154,2154,2128,2596,170,134
12/01/2020-12:33:17.247632-2152,2152,2127,2596,171,134
12/01/2020-12:34:24.597184-2154,2154,2129,2596,170,134
12/01/2020-12:35:31.923850-2147,2145,2126,2596,170,135
12/01/2020-12:36:39.252371-2156,2155,2139,2596,170,133
12/01/2020-12:37:46.618377-2157,2157,2137,2596,170,134
12/01/2020-12:38:53.955058-2161,2160,2143,2596,170,135
12/01/2020-12:40:01.288006-2171,2170,2152,2596,170,136
12/01/2020-12:41:08.613334-2176,2175,2158,2596,169,132
12/01/2020-12:42:15.941040-2176,2174,2156,2595,169,132
12/01/2020-12:43:23.282054-2173,2174,2156,2595,170,134
12/01/2020-12:44:30.620017-2177,2176,2158,2595,170,133
12/01/2020-12:45:37.947806-2177,2176,2157,2595,169,134
12/01/2020-12:46:45.330805-2182,2181,2162,2595,169,135
12/01/2020-12:47:52.677316-2184,2184,2166,2595,169,134
12/01/2020-12:48:59.999343-2190,2190,2170,2595,169,134
12/01/2020-12:50:07.350579-2192,2193,2172,2595,170,133
12/01/2020-12:51:14.694858-2190,2191,2171,2594,169,135
12/01/2020-12:52:22.053279-2191,2191,2171,2594,170,134
12/01/2020-12:53:29.388162-2190,2190,2170,2594,169,135
12/01/2020-12:54:36.739493-2190,2190,2171,2594,169,134
12/01/2020-12:55:44.072599-2195,2196,2179,2594,170,134
12/01/2020-12:56:51.409479-2201,2201,2182,2594,169,134
12/01/2020-12:57:58.751051-2204,2203,2182,2594,169,134
12/01/2020-12:59:06.052975-2204,2203,2184,2594,170,134
12/01/2020-13:00:13.416252-2206,2205,2187,2594,170,133
12/01/2020-13:01:20.780632-2209,2209,2187,2594,169,134
12/01/2020-13:02:28.146709-2210,2209,2189,2593,169,133
12/01/2020-13:03:35.454127-2211,2210,2190,2594,170,133
12/01/2020-13:04:42.813147-2210,2209,2189,2594,170,133
12/01/2020-13:05:50.152307-2209,2210,2190,2594,169,134
12/01/2020-13:06:57.486433-2209,2208,2186,2594,169,133
12/01/2020-13:08:04.812888-2209,2207,2187,2594,169,133
12/01/2020-13:09:12.149846-2209,2209,2185,2594,170,133
12/01/2020-13:10:19.467674-2209,2207,2186,2593,169,134
12/01/2020-13:11:26.825214-2210,2209,2190,2594,170,134
12/01/2020-13:12:34.137949-2210,2209,2187,2593,170,134
12/01/2020-13:13:41.448588-2210,2210,2190,2593,170,135
12/01/2020-13:14:48.783467-2212,2212,2190,2594,170,133
12/01/2020-13:15:56.094590-2215,2214,2194,2592,170,132
12/01/2020-13:17:03.405509-2217,2217,2196,2594,170,134
12/01/2020-13:18:10.731616-2217,2217,2196,2593,169,133
12/01/2020-13:19:18.089696-2217,2217,2195,2593,169,133
12/01/2020-13:20:25.442242-2220,2219,2199,2592,170,135
12/01/2020-13:21:32.793844-2223,2222,2201,2593,170,134
12/01/2020-13:22:40.127868-2223,2222,2201,2593,170,134
12/01/2020-13:23:47.480076-2223,2223,2201,2593,169,133
12/01/2020-13:24:54.828101-2220,2219,2196,2593,170,134
12/01/2020-13:26:02.145447-2216,2215,2195,2593,169,134
12/01/2020-13:27:09.468159-2216,2217,2194,2593,169,134
12/01/2020-13:28:16.786412-2219,2218,2197,2593,170,134
12/01/2020-13:29:24.122690-2219,2218,2197,2593,170,134
12/01/2020-13:30:31.474418-2219,2218,2196,2593,169,134
12/01/2020-13:31:38.793717-2220,2220,2199,2593,170,134
12/01/2020-13:32:46.128457-2221,2220,2199,2592,170,135
12/01/2020-13:33:53.495830-2219,2218,2199,2592,170,134
12/01/2020-13:35:00.829805-2219,2218,2196,2592,169,133
12/01/2020-13:36:08.186376-2216,2215,2192,2593,170,133
12/01/2020-13:37:15.562092-2214,2213,2192,2592,169,133
12/01/2020-13:38:22.915050-2214,2213,2191,2593,170,134
12/01/2020-13:39:30.267367-2217,2217,2195,2592,170,134
12/01/2020-13:40:37.572349-2217,2215,2191,2591,170,135
12/01/2020-13:41:44.937016-2215,2214,2190,2592,170,135
12/01/2020-13:42:52.289222-2214,2213,2191,2592,170,135
12/01/2020-13:43:59.613301-2211,2210,2190,2591,169,134
12/01/2020-13:45:06.941862-2214,2214,2191,2591,170,134
12/01/2020-13:46:14.271173-2212,2211,2189,2592,170,134
12/01/2020-13:47:21.598901-2212,2212,2186,2592,170,134
12/01/2020-13:48:28.929001-2210,2209,2184,2591,170,134
12/01/2020-13:49:36.255836-2211,2210,2187,2592,170,134
12/01/2020-13:50:43.617729-2212,2210,2188,2592,170,134
12/01/2020-13:51:50.956700-2210,2209,2187,2592,170,134
12/01/2020-13:52:58.316767-2215,2214,2196,2592,170,133
12/01/2020-13:54:05.653603-2215,2215,2194,2591,169,133
12/01/2020-13:55:13.004607-2215,2214,2191,2591,170,134
12/01/2020-13:56:20.319169-2212,2210,2186,2592,170,135
12/01/2020-13:57:27.617905-2210,2209,2197,2592,170,133
12/01/2020-13:58:34.948745-2216,2217,2196,2592,170,135
12/01/2020-13:59:42.279998-2211,2211,2190,2592,169,134
12/01/2020-14:00:49.632216-2210,2210,2192,2591,170,134
12/01/2020-14:01:56.966100-2209,2208,2190,2592,170,135
12/01/2020-14:03:04.289949-2206,2206,2185,2592,169,132
12/01/2020-14:04:11.650978-2204,2204,2184,2591,170,135
12/01/2020-14:05:19.003760-2201,2202,2182,2590,170,134
12/01/2020-14:06:26.314422-2205,2204,2185,2591,170,135
12/01/2020-14:07:33.618130-2200,2200,2179,2590,170,134
12/01/2020-14:08:40.967900-2198,2200,2180,2590,170,134
12/01/2020-14:09:48.326622-2202,2203,2184,2591,170,134
12/01/2020-14:10:55.663314-2206,2206,2186,2591,169,132
12/01/2020-14:12:02.993540-2209,2208,2186,2591,169,133
12/01/2020-14:13:10.321609-2206,2205,2185,2591,170,132
12/01/2020-14:14:17.636923-2209,2209,2188,2591,170,133
12/01/2020-14:15:25.002682-2207,2207,2188,2591,169,134
12/01/2020-14:16:32.354884-2207,2207,2187,2591,169,132
12/01/2020-14:17:39.689903-2207,2207,2187,2590,170,133
12/01/2020-14:18:47.009187-2207,2207,2185,2591,169,135
12/01/2020-14:19:54.340808-2209,2208,2187,2590,170,135
12/01/2020-14:21:01.677987-2209,2209,2187,2590,170,135
12/01/2020-14:22:08.997935-2211,2211,2190,2590,170,133
12/01/2020-14:23:16.365075-2215,2215,2195,2590,170,135
12/01/2020-14:24:23.700406-2215,2214,2194,2590,170,134
12/01/2020-14:25:31.033591-2217,2217,2196,2590,170,133
12/01/2020-14:26:38.399178-2219,2218,2196,2590,170,134
12/01/2020-14:27:45.740556-2219,2219,2199,2590,170,133
12/01/2020-14:28:53.104729-2216,2215,2194,2590,170,134
12/01/2020-14:30:00.423836-2220,2220,2200,2589,170,132
12/01/2020-14:31:07.775067-2219,2218,2197,2589,170,133
12/01/2020-14:32:15.079753-2221,2220,2200,2589,170,134
12/01/2020-14:33:22.445188-2221,2221,2199,2589,169,135
12/01/2020-14:34:29.756358-2224,2223,2205,2590,169,134
12/01/2020-14:35:37.115790-2225,2225,2205,2590,169,133
12/01/2020-14:36:44.424226-2225,2224,2201,2589,170,133
12/01/2020-14:37:51.770094-2223,2222,2201,2589,170,133
12/01/2020-14:38:59.103711-2222,2222,2201,2589,169,134
12/01/2020-14:40:06.439896-2225,2225,2206,2590,170,135
12/01/2020-14:41:13.749923-2222,2222,2200,2590,169,135
12/01/2020-14:42:21.062307-2224,2224,2201,2589,170,134
12/01/2020-14:43:28.430281-2226,2226,2208,2589,170,134
12/01/2020-14:44:35.776854-2226,2226,2204,2589,170,135
12/01/2020-14:45:43.130608-2225,2224,2203,2590,169,134
12/01/2020-14:46:50.466974-2229,2228,2209,2589,168,130
12/01/2020-14:47:57.802218-2226,2226,2206,2589,168,130
12/01/2020-14:49:05.153543-2226,2225,2204,2589,167,130
12/01/2020-14:50:12.460057-2225,2225,2203,2589,169,131
12/01/2020-14:51:19.787514-2228,2228,2204,2589,167,130
12/01/2020-14:52:27.110450-2226,2224,2205,2589,169,130
12/01/2020-14:53:34.492042-2224,2223,2201,2589,169,131
12/01/2020-14:54:41.859103-2225,2226,2203,2589,168,131
12/01/2020-14:55:49.171384-2223,2223,2202,2589,168,131
12/01/2020-14:56:56.501972-2224,2223,2201,2589,168,130
12/01/2020-14:58:03.850648-2223,2222,2200,2589,168,130
12/01/2020-14:59:11.201453-2223,2222,2200,2589,168,131
12/01/2020-15:00:18.536407-2222,2221,2197,2589,168,132
12/01/2020-15:01:25.869544-2220,2219,2198,2589,168,133
12/01/2020-15:02:33.190446-2217,2217,2195,2589,169,131
12/01/2020-15:03:40.497155-2219,2218,2197,2589,169,131
12/01/2020-15:04:47.843174-2220,2218,2197,2589,168,131
12/01/2020-15:05:55.227423-2218,2218,2195,2590,169,131
12/01/2020-15:07:02.561408-2219,2219,2195,2589,169,132
12/01/2020-15:08:09.913476-2215,2214,2192,2589,168,131
12/01/2020-15:09:17.233093-2214,2213,2191,2589,168,131
12/01/2020-15:10:24.598507-2214,2212,2191,2589,168,131
12/01/2020-15:11:31.924375-2214,2213,2191,2588,167,131
12/01/2020-15:12:39.252394-2214,2213,2191,2588,167,131
12/01/2020-15:13:46.588993-2214,2213,2192,2588,169,130
12/01/2020-15:14:53.923665-2214,2213,2190,2588,168,132
12/01/2020-15:16:01.273598-2211,2210,2189,2588,168,131
12/01/2020-15:17:08.624977-2209,2209,2185,2588,167,130
12/01/2020-15:18:15.965385-2209,2207,2185,2588,168,129
12/01/2020-15:19:23.328478-2211,2210,2190,2588,168,131
12/01/2020-15:20:30.646969-2210,2209,2187,2588,167,131
12/01/2020-15:21:37.982259-2210,2209,2193,2589,167,131
12/01/2020-15:22:45.317395-2214,2213,2191,2588,167,130
12/01/2020-15:23:52.667413-2210,2210,2189,2588,168,130
12/01/2020-15:25:00.028859-2206,2205,2184,2588,167,130
12/01/2020-15:26:07.323524-2205,2204,2184,2588,167,130
12/01/2020-15:27:14.673500-2201,2201,2181,2588,166,131
12/01/2020-15:28:22.038266-2197,2199,2179,2588,167,130
12/01/2020-15:29:29.405800-2199,2199,2180,2588,167,130
12/01/2020-15:30:36.758172-2201,2201,2180,2588,168,131
12/01/2020-15:31:44.124893-2201,2201,2182,2587,166,130
12/01/2020-15:32:51.459631-2202,2203,2181,2588,167,131
12/01/2020-15:33:58.794679-2204,2204,2184,2587,167,130
12/01/2020-15:35:06.160718-2205,2204,2185,2588,168,129
12/01/2020-15:36:13.494580-2209,2209,2190,2587,168,129
12/01/2020-15:37:20.847223-2211,2212,2190,2587,167,130
12/01/2020-15:38:28.166469-2210,2210,2191,2587,167,130
12/01/2020-15:39:35.501344-2209,2208,2189,2587,167,130
12/01/2020-15:40:42.867471-2207,2208,2187,2587,166,130
12/01/2020-15:41:50.219168-2205,2205,2185,2587,168,130
12/01/2020-15:42:57.530258-2206,2205,2186,2587,168,130
12/01/2020-15:44:04.902632-2204,2204,2184,2587,168,130
12/01/2020-15:45:12.255111-2206,2206,2187,2587,166,130
12/01/2020-15:46:19.622163-2206,2205,2186,2587,167,130
12/01/2020-15:47:26.963740-2207,2207,2189,2587,166,129
12/01/2020-15:48:34.298431-2212,2211,2192,2587,167,129
12/01/2020-15:49:41.674471-2211,2211,2193,2587,169,133
12/01/2020-15:50:48.994348-2210,2209,2192,2587,168,131
12/01/2020-15:51:56.343609-2214,2213,2194,2587,166,129
12/01/2020-15:53:03.688451-2211,2209,2191,2587,167,129
12/01/2020-15:54:11.027723-2210,2211,2191,2587,168,131
12/01/2020-15:55:18.371886-2209,2209,2191,2587,169,132
12/01/2020-15:56:25.702782-2212,2212,2194,2587,168,131
12/01/2020-15:57:33.031649-2208,2208,2190,2587,167,131
12/01/2020-15:58:40.361155-2207,2207,2189,2587,169,133
12/01/2020-15:59:47.715540-2210,2209,2192,2587,169,132
12/01/2020-16:00:55.029692-2209,2209,2190,2587,168,131
12/01/2020-16:02:02.403566-2211,2210,2192,2587,169,132
12/01/2020-16:03:09.739939-2210,2209,2190,2587,169,132
12/01/2020-16:04:17.046692-2209,2208,2191,2587,169,133
12/01/2020-16:05:24.426190-2207,2207,2190,2587,170,134
12/01/2020-16:06:31.773581-2209,2208,2190,2587,169,132
12/01/2020-16:07:39.081363-2209,2208,2190,2587,169,132
12/01/2020-16:08:46.398993-2209,2208,2189,2587,169,133
12/01/2020-16:09:53.748602-2209,2208,2190,2587,169,132
12/01/2020-16:11:01.076862-2209,2208,2190,2587,169,132
12/01/2020-16:12:08.452257-2209,2208,2188,2586,170,133
12/01/2020-16:13:15.773684-2207,2207,2187,2586,169,133
12/01/2020-16:14:23.137240-2207,2207,2187,2586,170,132
12/01/2020-16:15:30.447679-2206,2205,2185,2586,169,132
12/01/2020-16:16:37.821821-2205,2205,2184,2586,170,133
12/01/2020-16:17:45.187878-2209,2208,2187,2586,169,134
12/01/2020-16:18:52.523887-2206,2205,2185,2586,169,132
12/01/2020-16:19:59.886748-2206,2206,2186,2586,169,133
12/01/2020-16:21:07.207773-2204,2204,2184,2586,169,133
12/01/2020-16:22:14.545079-2206,2205,2185,2586,169,131
12/01/2020-16:23:21.885036-2202,2201,2181,2586,169,134
12/01/2020-16:24:29.227804-2204,2203,2182,2586,170,134
12/01/2020-16:25:36.550263-2205,2204,2182,2586,169,133
12/01/2020-16:26:43.860411-2202,2203,2182,2586,169,134
12/01/2020-16:27:51.236335-2202,2201,2182,2586,169,133
12/01/2020-16:28:58.570810-2202,2202,2180,2586,169,134
12/01/2020-16:30:05.922491-2201,2201,2179,2586,170,134
12/01/2020-16:31:13.233723-2200,2200,2178,2585,169,133
12/01/2020-16:32:20.578958-2201,2200,2180,2586,169,132
12/01/2020-16:33:27.910629-2201,2201,2181,2585,170,134
12/01/2020-16:34:35.244890-2200,2200,2179,2585,170,133
12/01/2020-16:35:42.608230-2200,2199,2177,2585,169,134
12/01/2020-16:36:49.938384-2197,2198,2175,2585,170,132
12/01/2020-16:37:57.235530-2195,2196,2176,2585,170,135
12/01/2020-16:39:04.568249-2202,2202,2175,2585,170,134
12/01/2020-16:40:11.887820-2199,2200,2176,2585,170,134
12/01/2020-16:41:19.206864-2194,2195,2174,2585,169,134
12/01/2020-16:42:26.537929-2193,2194,2174,2585,169,134
12/01/2020-16:43:33.851784-2190,2191,2173,2585,169,133
12/01/2020-16:44:41.173563-2190,2190,2171,2585,169,132
12/01/2020-16:45:48.498483-2188,2189,2171,2585,170,133
12/01/2020-16:46:55.824837-2188,2189,2168,2585,169,133
12/01/2020-16:48:03.129611-2190,2190,2171,2585,169,132
12/01/2020-16:49:10.460435-2190,2191,2171,2585,169,132
12/01/2020-16:50:17.822098-2190,2191,2171,2585,169,132
12/01/2020-16:51:25.173783-2194,2194,2175,2585,169,133
12/01/2020-16:52:32.500721-2197,2198,2177,2585,169,133
12/01/2020-16:53:39.828167-2199,2199,2180,2585,169,133
12/01/2020-16:54:47.145903-2199,2199,2181,2585,168,133
12/01/2020-16:55:54.467890-2201,2201,2181,2585,169,133
12/01/2020-16:57:01.830861-2199,2198,2178,2585,169,132
12/01/2020-16:58:09.150720-2199,2198,2180,2585,169,133
12/01/2020-16:59:16.484536-2201,2201,2184,2585,169,133
12/01/2020-17:00:23.820947-2201,2201,2183,2585,169,132
12/01/2020-17:01:31.112671-2199,2200,2181,2585,169,134
12/01/2020-17:02:38.454793-2201,2201,2185,2584,169,132
12/01/2020-17:03:45.815725-2204,2204,2190,2585,169,132
12/01/2020-17:04:53.144524-2202,2203,2186,2584,169,134
12/01/2020-17:06:00.495568-2202,2203,2185,2584,170,133
12/01/2020-17:07:07.831642-2200,2200,2182,2584,169,132
12/01/2020-17:08:15.160102-2198,2199,2181,2584,169,134
12/01/2020-17:09:22.475136-2197,2198,2181,2584,169,134
12/01/2020-17:10:29.850698-2198,2199,2181,2584,169,133
12/01/2020-17:11:37.218141-2201,2200,2182,2584,169,132
12/01/2020-17:12:44.542317-2199,2199,2182,2584,169,132
12/01/2020-17:13:51.887852-2197,2198,2181,2584,169,134
12/01/2020-17:14:59.221498-2196,2197,2180,2583,169,133
12/01/2020-17:16:06.549134-2196,2196,2179,2583,169,132
12/01/2020-17:17:13.918450-2196,2197,2180,2584,169,133
12/01/2020-17:18:21.243651-2195,2195,2176,2584,169,132
12/01/2020-17:19:28.563166-2196,2196,2177,2584,169,132
12/01/2020-17:20:35.928454-2195,2195,2176,2584,169,133
12/01/2020-17:21:43.263340-2192,2193,2175,2584,169,134
12/01/2020-17:22:50.599020-2192,2193,2173,2584,169,134
12/01/2020-17:23:57.948573-2191,2193,2172,2584,169,132
12/01/2020-17:25:05.299225-2190,2190,2172,2584,170,134
12/01/2020-17:26:12.634776-2190,2190,2171,2583,169,134
12/01/2020-17:27:20.000793-2188,2189,2171,2584,169,133
12/01/2020-17:28:27.335431-2187,2188,2170,2583,169,132
12/01/2020-17:29:34.670617-2187,2188,2168,2584,168,132
12/01/2020-17:30:42.015022-2190,2190,2171,2583,169,134
12/01/2020-17:31:49.358206-2187,2186,2170,2583,169,131
12/01/2020-17:32:56.711739-2187,2188,2169,2583,169,134
12/01/2020-17:34:04.057622-2187,2188,2168,2583,169,133
12/01/2020-17:35:11.378318-2188,2189,2168,2583,169,132
12/01/2020-17:36:18.683306-2186,2186,2167,2583,169,133
12/01/2020-17:37:26.032440-2186,2185,2166,2583,169,133
12/01/2020-17:38:33.380521-2183,2183,2165,2583,170,132
12/01/2020-17:39:40.725007-2191,2190,2168,2583,170,133
12/01/2020-17:40:48.099147-2185,2185,2165,2583,170,133
12/01/2020-17:41:55.437270-2182,2181,2165,2583,170,135
12/01/2020-17:43:02.799311-2180,2180,2162,2583,170,132
12/01/2020-17:44:10.127322-2181,2181,2162,2583,170,132
12/01/2020-17:45:17.475418-2181,2180,2162,2583,169,131
12/01/2020-17:46:24.807480-2183,2184,2165,2583,170,133
12/01/2020-17:47:32.173130-2182,2182,2161,2583,169,133
12/01/2020-17:48:39.507054-2181,2181,2161,2583,169,134
12/01/2020-17:49:46.857638-2182,2182,2161,2583,169,133
12/01/2020-17:50:54.208148-2187,2186,2166,2583,169,134
12/01/2020-17:52:01.544695-2190,2189,2168,2583,168,133
12/01/2020-17:53:08.848365-2192,2193,2172,2583,170,132
12/01/2020-17:54:16.178629-2195,2196,2175,2583,169,134
12/01/2020-17:55:23.532721-2196,2198,2179,2583,169,134
12/01/2020-17:56:30.899050-2197,2198,2178,2583,169,134
12/01/2020-17:57:38.234786-2197,2198,2178,2583,169,134
12/01/2020-17:58:45.583683-2196,2198,2180,2583,170,132
12/01/2020-17:59:52.968488-2195,2195,2176,2583,170,133
12/01/2020-18:01:00.318549-2193,2194,2175,2582,170,133
12/01/2020-18:02:07.648201-2196,2196,2180,2583,169,134
12/01/2020-18:03:15.004113-2195,2196,2177,2582,170,132
12/01/2020-18:04:22.324173-2196,2196,2177,2582,170,134
12/01/2020-18:05:29.643178-2195,2195,2177,2581,170,133
12/01/2020-18:06:36.966521-2195,2195,2179,2582,170,132
12/01/2020-18:07:44.313170-2197,2199,2179,2582,169,134
12/01/2020-18:08:51.667460-2198,2199,2181,2581,169,134
12/01/2020-18:09:58.997001-2196,2196,2178,2582,167,130
12/01/2020-18:11:06.332990-2197,2199,2180,2582,168,131
12/01/2020-18:12:13.654682-2198,2199,2180,2582,167,131
12/01/2020-18:13:20.973576-2197,2199,2181,2582,168,130
12/01/2020-18:14:28.321641-2195,2194,2175,2582,168,131
12/01/2020-18:15:35.657070-2193,2194,2174,2582,167,130
12/01/2020-18:16:43.019736-2193,2195,2175,2582,167,129
12/01/2020-18:17:50.332567-2190,2191,2171,2582,168,131
12/01/2020-18:18:57.648843-2191,2190,2171,2581,168,130
12/01/2020-18:20:04.956585-2192,2193,2173,2582,168,130
12/01/2020-18:21:12.314111-2190,2190,2170,2582,167,131
12/01/2020-18:22:19.664395-2195,2195,2174,2582,169,133
12/01/2020-18:23:27.063727-2200,2200,2176,2582,168,130
12/01/2020-18:24:34.463185-2202,2201,2178,2582,168,130
12/01/2020-18:25:41.813225-2201,2200,2180,2582,168,130
12/01/2020-18:26:49.146537-2201,2201,2181,2581,168,132
12/01/2020-18:27:56.498924-2201,2200,2181,2581,168,131
12/01/2020-18:29:03.865654-2200,2200,2180,2581,168,131
12/01/2020-18:30:11.215871-2200,2199,2181,2581,168,131
12/01/2020-18:31:18.550363-2202,2202,2180,2581,168,132
12/01/2020-18:32:25.916691-2205,2204,2182,2581,168,130
12/01/2020-18:33:33.235467-2202,2201,2182,2581,169,132
12/01/2020-18:34:40.586849-2200,2200,2181,2580,168,132
12/01/2020-18:35:47.921798-2200,2200,2180,2581,169,132
12/01/2020-18:36:55.304848-2206,2205,2181,2581,168,131
12/01/2020-18:38:02.645633-2201,2201,2179,2580,168,131
12/01/2020-18:39:09.974100-2201,2201,2182,2580,169,132
12/01/2020-18:40:17.323845-2201,2200,2182,2581,169,131
12/01/2020-18:41:24.651388-2200,2200,2180,2581,169,133
12/01/2020-18:42:31.952205-2196,2197,2176,2581,169,132
12/01/2020-18:43:39.296580-2195,2196,2175,2581,168,131
12/01/2020-18:44:46.624509-2196,2196,2176,2581,168,131
12/01/2020-18:45:53.924425-2199,2199,2180,2581,168,132
12/01/2020-18:47:01.255419-2205,2205,2184,2581,168,131
12/01/2020-18:48:08.636129-2206,2206,2185,2581,168,131
12/01/2020-18:49:15.945918-2207,2207,2187,2580,168,131
12/01/2020-18:50:23.274860-2209,2208,2187,2581,168,131
12/01/2020-18:51:30.580774-2206,2206,2186,2581,167,132
12/01/2020-18:52:37.921262-2205,2205,2184,2581,168,130
12/01/2020-18:53:45.264306-2206,2205,2186,2581,169,131
12/01/2020-18:54:52.616804-2207,2207,2186,2581,168,132
12/01/2020-18:55:59.948883-2203,2203,2184,2581,167,131
12/01/2020-18:57:07.254546-2202,2203,2182,2580,168,130
12/01/2020-18:58:14.574009-2201,2201,2182,2580,169,132
12/01/2020-18:59:21.924941-2201,2200,2182,2580,168,131
12/01/2020-19:00:29.271673-2200,2201,2181,2581,168,132
12/01/2020-19:01:36.603758-2200,2200,2182,2580,169,131
12/01/2020-19:02:43.951808-2202,2202,2182,2581,169,131
12/01/2020-19:03:51.270917-2202,2203,2185,2580,169,131
12/01/2020-19:04:58.645296-2202,2203,2184,2579,169,131
12/01/2020-19:06:05.958834-2201,2201,2184,2580,169,131
12/01/2020-19:07:13.299790-2200,2200,2182,2580,169,131
12/01/2020-19:08:20.638278-2200,2200,2182,2580,168,131
12/01/2020-19:09:27.970740-2201,2202,2185,2580,169,132
12/01/2020-19:10:35.289678-2201,2201,2182,2580,168,132
12/01/2020-19:11:42.626055-2201,2201,2184,2580,169,131
12/01/2020-19:12:49.990611-2201,2201,2183,2580,169,132
12/01/2020-19:13:57.357565-2202,2203,2184,2580,169,131
12/01/2020-19:15:04.707064-2202,2201,2184,2580,169,133
12/01/2020-19:16:12.057364-2202,2203,2182,2580,169,131
12/01/2020-19:17:19.378005-2201,2201,2182,2580,169,132
12/01/2020-19:18:26.723700-2201,2201,2183,2580,169,131
12/01/2020-19:19:34.050335-2201,2200,2181,2580,169,133
12/01/2020-19:20:41.409077-2200,2200,2182,2580,169,131
12/01/2020-19:21:48.761060-2199,2199,2181,2580,169,134
12/01/2020-19:22:56.114361-2201,2200,2182,2580,169,132
12/01/2020-19:24:03.449189-2200,2200,2181,2580,169,133
12/01/2020-19:25:10.768608-2202,2202,2182,2580,169,132
12/01/2020-19:26:18.078273-2205,2204,2184,2580,170,132
12/01/2020-19:27:25.391206-2200,2200,2181,2580,169,133
12/01/2020-19:28:32.697132-2201,2200,2181,2580,169,133
12/01/2020-19:30:55.809904-2204,2204,2184,2579,170,134
12/01/2020-19:34:28.820079-2209,2207,2186,2579,170,135
12/01/2020-19:41:24.834976-2199,2199,2177,2579,170,134
12/01/2020-19:47:31.028898-2193,2194,2171,2579,168,131
12/01/2020-19:48:38.426779-2194,2195,2173,2578,169,133
12/01/2020-19:49:45.793549-2196,2196,2175,2579,169,132
12/01/2020-19:50:53.127973-2195,2195,2175,2579,169,133
12/01/2020-19:52:00.477956-2192,2194,2172,2579,168,132
12/01/2020-19:53:07.813691-2191,2193,2170,2579,169,132
12/01/2020-19:54:15.182036-2192,2193,2171,2579,169,132
12/01/2020-19:55:22.548720-2192,2193,2171,2579,169,132
12/01/2020-19:56:29.909478-2193,2194,2172,2579,168,133
12/01/2020-19:57:37.191807-2194,2194,2175,2579,169,133
12/01/2020-19:58:44.569117-2193,2194,2172,2579,169,133
12/01/2020-19:59:51.905305-2196,2196,2176,2579,169,132
12/01/2020-20:00:59.271342-2195,2196,2176,2578,169,133
12/01/2020-20:02:06.585426-2196,2196,2176,2579,168,132
12/01/2020-20:03:13.895282-2196,2197,2176,2579,169,131
12/01/2020-20:04:21.248416-2198,2199,2176,2578,169,133
12/01/2020-20:05:28.582430-2199,2199,2177,2578,169,134
12/01/2020-20:06:35.948169-2196,2196,2175,2579,170,134
12/01/2020-20:07:43.280058-2196,2196,2175,2579,170,134
12/01/2020-20:08:50.633684-2196,2198,2175,2578,170,132
12/01/2020-20:09:57.984415-2199,2200,2177,2578,169,133
12/01/2020-20:11:05.343915-2199,2199,2177,2578,169,134
12/01/2020-20:12:12.686317-2200,2199,2177,2578,169,134
12/01/2020-20:13:20.005549-2204,2203,2181,2578,169,133
12/01/2020-20:14:27.387822-2202,2202,2179,2578,169,132
12/01/2020-20:15:34.740316-2200,2200,2179,2578,169,132
12/01/2020-20:16:42.106035-2206,2206,2185,2578,169,132
12/01/2020-20:17:49.488192-2206,2206,2185,2578,168,132
12/01/2020-20:18:56.840144-2210,2209,2185,2578,169,132
12/01/2020-20:20:04.196291-2206,2205,2184,2578,169,133
12/01/2020-20:21:11.540856-2210,2209,2187,2578,169,132
12/01/2020-20:22:18.859423-2229,2229,2214,2578,169,133
12/01/2020-20:23:26.228015-2229,2228,2206,2578,169,133
12/01/2020-20:24:33.577498-2224,2224,2202,2578,168,133
12/01/2020-20:25:40.929492-2222,2222,2197,2578,169,132
12/01/2020-20:26:48.280437-2225,2224,2205,2577,169,131
12/01/2020-20:27:55.648227-2223,2222,2200,2578,168,131
12/01/2020-20:29:03.030417-2221,2220,2198,2578,169,133
12/01/2020-20:30:10.397508-2219,2218,2194,2578,169,132
12/01/2020-20:31:17.780505-2220,2219,2196,2578,169,132
12/01/2020-20:32:25.115340-2216,2215,2191,2577,168,133
12/01/2020-20:33:32.514246-2216,2215,2192,2577,169,132
12/01/2020-20:34:39.880781-2217,2215,2192,2577,168,131
12/01/2020-20:35:47.215001-2216,2215,2195,2577,169,134
12/01/2020-20:36:54.599769-2220,2219,2194,2576,169,132
12/01/2020-20:38:01.982190-2219,2218,2195,2577,169,132
12/01/2020-20:39:09.348460-2229,2228,2201,2577,169,133
12/01/2020-20:40:16.698937-2220,2219,2195,2577,168,132
12/01/2020-20:41:24.050096-2214,2214,2191,2577,169,133
12/01/2020-20:42:31.401565-2214,2212,2191,2577,169,131
12/01/2020-20:43:38.767544-2212,2213,2190,2577,168,132
12/01/2020-20:44:46.119043-2207,2208,2188,2577,169,132
12/01/2020-20:45:53.501301-2210,2209,2190,2577,169,133
12/01/2020-20:47:00.868450-2207,2208,2187,2577,169,134
12/01/2020-20:48:08.252066-2209,2209,2190,2577,169,131
12/01/2020-20:49:15.618972-2209,2208,2187,2577,169,132
12/01/2020-20:50:22.969940-2214,2214,2194,2577,169,132
12/01/2020-20:51:30.335772-2214,2213,2194,2577,168,133
12/01/2020-20:52:37.687644-2211,2212,2192,2577,169,131
12/01/2020-20:53:45.054332-2214,2213,2192,2577,168,132
12/01/2020-20:54:52.405052-2212,2212,2191,2577,168,131
12/01/2020-20:55:59.788149-2213,2213,2192,2577,168,132
12/01/2020-20:57:07.170579-2214,2213,2194,2577,168,133
12/01/2020-20:58:14.554972-2214,2213,2194,2577,169,133
12/01/2020-20:59:21.936777-2214,2213,2194,2577,168,133
12/01/2020-21:00:29.305145-2214,2214,2195,2577,169,132
12/01/2020-21:01:36.655670-2216,2215,2197,2576,169,132
12/01/2020-21:02:44.022752-2214,2213,2194,2576,168,132
12/01/2020-21:03:51.404969-2214,2213,2196,2577,169,132
12/01/2020-21:04:58.771412-2217,2217,2199,2577,169,132
12/01/2020-21:06:06.091379-2219,2218,2201,2576,168,133
12/01/2020-21:07:13.473713-2217,2215,2198,2577,167,131
12/01/2020-21:08:20.855477-2217,2215,2197,2577,169,132
12/01/2020-21:09:28.207463-2219,2217,2198,2577,169,132
12/01/2020-21:10:35.558317-2215,2214,2195,2576,169,133
12/01/2020-21:11:42.925156-2212,2211,2194,2577,168,131
12/01/2020-21:12:50.276399-2213,2212,2194,2576,169,132
12/01/2020-21:13:57.643063-2212,2212,2193,2576,168,132
12/01/2020-21:15:05.009188-2210,2209,2191,2575,169,130
12/01/2020-21:16:12.361199-2212,2212,2192,2576,169,133
12/01/2020-21:17:19.695850-2212,2213,2194,2576,169,132
12/01/2020-21:18:27.062786-2214,2214,2194,2575,169,131
12/01/2020-21:19:34.414593-2218,2218,2196,2575,168,132
12/01/2020-21:20:41.797118-2214,2213,2192,2576,168,132
12/01/2020-21:21:49.180218-2211,2212,2191,2575,169,131
12/01/2020-21:22:56.531778-2211,2212,2191,2576,169,132
12/01/2020-21:24:03.898553-2212,2213,2194,2576,168,132
12/01/2020-21:25:11.249459-2212,2212,2192,2576,169,132
12/01/2020-21:26:18.615979-2216,2215,2196,2576,169,133
12/01/2020-21:27:25.967239-2217,2217,2197,2576,169,132
12/01/2020-21:28:33.302378-2217,2217,2197,2576,168,131
12/01/2020-21:29:40.652834-2216,2215,2195,2575,168,132
12/01/2020-21:30:48.004668-2219,2218,2198,2575,168,132
12/01/2020-21:31:55.355252-2223,2223,2201,2575,167,131
12/01/2020-21:33:02.722608-2224,2223,2203,2576,168,131
12/01/2020-21:34:10.056517-2225,2226,2204,2576,167,131
12/01/2020-21:35:17.424728-2229,2228,2208,2575,168,131
12/01/2020-21:36:24.823856-2230,2231,2210,2575,167,129
12/01/2020-21:37:32.191035-2230,2229,2207,2575,168,130
12/01/2020-21:38:39.557989-2231,2232,2211,2576,167,130
12/01/2020-21:39:46.925230-2233,2232,2210,2575,167,130
12/01/2020-21:40:54.276414-2235,2234,2214,2576,168,130
12/01/2020-21:42:01.627266-2238,2237,2216,2575,167,131
12/01/2020-21:43:08.978882-2240,2241,2220,2576,168,131
12/01/2020-21:44:16.330092-2239,2239,2220,2575,167,131
12/01/2020-21:45:23.664756-2240,2239,2221,2575,167,130
12/01/2020-21:46:31.063453-2237,2236,2215,2575,168,131
12/01/2020-21:47:38.414804-2239,2238,2219,2575,168,131
12/01/2020-21:48:45.765482-2240,2241,2222,2575,168,131
12/01/2020-21:49:53.100291-2241,2241,2224,2575,168,130
12/01/2020-21:51:00.482859-2242,2242,2223,2575,168,130
12/01/2020-21:52:07.850931-2243,2242,2224,2575,168,130
12/01/2020-21:53:15.217823-2241,2241,2223,2574,168,131
12/01/2020-21:54:22.583988-2239,2239,2221,2575,168,132
12/01/2020-21:55:29.953140-2240,2239,2223,2574,168,132
12/01/2020-21:56:37.319673-2240,2239,2221,2574,169,131
12/01/2020-21:57:44.687077-2241,2241,2223,2574,169,131
12/01/2020-21:58:52.020776-2243,2242,2223,2574,168,131
12/01/2020-21:59:59.373620-2241,2241,2223,2575,168,131
12/01/2020-22:01:06.724080-2239,2239,2221,2574,168,132
12/01/2020-22:02:14.107217-2242,2242,2225,2575,168,131
12/01/2020-22:03:21.489167-2244,2243,2226,2574,169,131
12/01/2020-22:04:28.856458-2244,2243,2227,2575,169,132
12/01/2020-22:05:36.223993-2244,2244,2226,2574,168,131
12/01/2020-22:06:43.590808-2243,2243,2224,2574,169,132
12/01/2020-22:07:50.975047-2240,2241,2220,2574,169,132
12/01/2020-22:08:58.342277-2244,2243,2224,2574,168,131
12/01/2020-22:10:05.708770-2244,2245,2225,2574,168,132
12/01/2020-22:11:13.092175-2243,2243,2223,2574,169,131
12/01/2020-22:12:20.442203-2249,2248,2228,2574,168,132
12/01/2020-22:13:27.810044-2249,2250,2228,2574,169,132
12/01/2020-22:14:35.192869-2249,2248,2228,2574,169,132
12/01/2020-22:15:42.560470-2250,2252,2229,2574,169,131
12/01/2020-22:16:49.927556-2254,2255,2232,2574,168,131
12/01/2020-22:17:57.278853-2258,2258,2238,2574,167,131
12/01/2020-22:19:04.661044-2262,2263,2242,2574,167,130
12/01/2020-22:20:12.028024-2263,2264,2240,2574,167,132
12/01/2020-22:21:19.410150-2264,2266,2244,2574,168,132
12/01/2020-22:22:26.761615-2268,2267,2244,2574,169,130
12/01/2020-22:23:34.113132-2268,2269,2245,2574,167,131
12/01/2020-22:24:41.465038-2267,2269,2245,2574,167,132
12/01/2020-22:25:48.816303-2267,2267,2245,2574,168,131
12/01/2020-22:26:56.167393-2265,2266,2245,2574,167,132
12/01/2020-22:28:03.517230-2264,2265,2243,2574,168,130
12/01/2020-22:29:10.885297-2263,2264,2242,2574,168,131
12/01/2020-22:30:18.252647-2266,2267,2247,2574,168,130
12/01/2020-22:31:25.588601-2272,2272,2250,2574,168,132
12/01/2020-22:32:32.955102-2273,2272,2252,2574,168,131
12/01/2020-22:33:40.322694-2270,2271,2248,2574,168,131
12/01/2020-22:34:47.690437-2272,2271,2250,2574,169,131
12/01/2020-22:35:55.057644-2271,2270,2251,2574,168,133
12/01/2020-22:37:02.440656-2271,2270,2251,2574,168,132
12/01/2020-22:38:09.808026-2274,2275,2253,2574,167,127
12/01/2020-22:39:17.159362-2272,2272,2251,2574,162,127
12/01/2020-22:40:24.542911-2269,2269,2249,2574,166,127
12/01/2020-22:41:31.894014-2264,2266,2246,2574,163,126
12/01/2020-22:42:39.261292-2263,2263,2243,2574,166,127
12/01/2020-22:43:46.628296-2259,2260,2239,2574,166,128
12/01/2020-22:44:53.996097-2263,2263,2245,2574,163,125
12/01/2020-22:46:01.361812-2259,2260,2240,2574,163,127
12/01/2020-22:47:08.714617-2258,2260,2238,2573,166,127
12/01/2020-22:48:16.066057-2257,2258,2238,2573,166,126
12/01/2020-22:49:23.400753-2257,2257,2238,2574,162,127
12/01/2020-22:50:30.752057-2257,2257,2238,2574,163,127
12/01/2020-22:51:38.119180-2255,2257,2235,2574,166,127
12/01/2020-22:52:45.501675-2257,2257,2237,2574,167,127
12/01/2020-22:53:52.900790-2258,2258,2238,2574,164,129
12/01/2020-22:55:00.268538-2257,2256,2237,2574,166,128
12/01/2020-22:56:07.635107-2254,2256,2233,2574,166,127
12/01/2020-22:57:15.034289-2249,2249,2230,2573,164,127
12/01/2020-22:58:22.401659-2249,2249,2228,2574,167,127
12/01/2020-22:59:29.784069-2248,2247,2224,2574,167,127
12/01/2020-23:00:37.167047-2248,2248,2227,2574,164,128
12/01/2020-23:01:44.533575-2252,2252,2229,2574,165,129
12/01/2020-23:02:51.901950-2253,2253,2230,2573,166,127
12/01/2020-23:03:59.285107-2258,2258,2235,2574,166,128
12/01/2020-23:05:06.652239-2257,2257,2232,2574,164,128
12/01/2020-23:06:13.987581-2255,2257,2231,2573,167,128
12/01/2020-23:07:21.355482-2257,2257,2232,2573,165,128
12/01/2020-23:08:28.706466-2259,2260,2235,2573,163,127
12/01/2020-23:09:36.090285-2262,2263,2238,2573,166,127
12/01/2020-23:10:43.441358-2261,2262,2239,2573,164,127
12/01/2020-23:11:50.808202-2263,2264,2239,2573,167,127
12/01/2020-23:12:58.206478-2262,2262,2239,2573,167,127
12/01/2020-23:14:05.559173-2262,2263,2239,2573,167,127
12/01/2020-23:15:12.924822-2263,2265,2243,2573,167,127
12/01/2020-23:16:20.276631-2265,2266,2244,2574,165,128
12/01/2020-23:17:27.628080-2266,2266,2244,2573,166,128
12/01/2020-23:18:35.011313-2265,2266,2244,2572,164,127
12/01/2020-23:19:42.393956-2264,2266,2243,2573,164,127
12/01/2020-23:20:49.745816-2264,2265,2243,2573,166,127
12/01/2020-23:21:57.096227-2264,2265,2242,2573,168,128
12/01/2020-23:23:04.463791-2262,2263,2243,2573,169,129
12/01/2020-23:24:11.831347-2262,2263,2243,2573,165,130
12/01/2020-23:25:19.182738-2260,2261,2239,2572,164,128
