12/01/2020-00:22:38.494755-3878,3874,3869,2584,160,149
12/01/2020-00:23:45.846383-3967,3969,3994,2585,160,152
12/01/2020-00:24:53.214019-3890,3895,3916,2585,160,142
12/01/2020-00:26:00.596807-3785,3788,3802,2585,166,154
12/01/2020-00:27:07.948165-3681,3680,3681,2586,159,152
12/01/2020-00:28:15.298959-3578,3584,3576,2585,166,147
12/01/2020-00:29:22.634225-3489,3492,3479,2585,165,155
12/01/2020-00:30:29.985214-3406,3408,3394,2585,166,154
12/01/2020-00:31:37.368782-3332,3335,3321,2585,163,148
12/01/2020-00:32:44.719028-3266,3267,3256,2584,158,155
12/01/2020-00:33:52.086386-3207,3210,3201,2584,165,156
12/01/2020-00:34:59.454430-3157,3161,3146,2585,159,152
12/01/2020-00:36:06.853391-3108,3111,3102,2585,165,149
12/01/2020-00:37:14.221191-3067,3071,3061,2584,165,151
12/01/2020-00:38:21.619359-3026,3030,3023,2585,164,154
12/01/2020-00:39:28.971837-2994,2993,2991,2586,166,154
12/01/2020-00:40:36.369595-2958,2962,2959,2584,164,155
12/01/2020-00:41:43.736406-2931,2931,2933,2585,163,153
12/01/2020-00:42:51.087115-2901,2904,2904,2585,161,149
12/01/2020-00:43:58.469617-2851,2850,2870,2585,162,152
12/01/2020-00:45:05.837738-3353,3350,3417,2585,163,152
12/01/2020-00:46:13.203769-3818,3814,3899,2586,165,155
12/01/2020-00:47:20.603174-4166,4161,4258,2586,165,151
12/01/2020-00:48:27.985443-4409,4410,4502,2587,160,138
12/01/2020-00:49:35.336486-4567,4566,4659,2587,163,148
12/01/2020-00:50:42.717676-4679,4679,4765,2588,164,149
12/01/2020-00:51:50.070041-4754,4753,4835,2588,163,148
12/01/2020-00:52:57.453330-4804,4803,4882,2589,163,130
12/01/2020-00:54:04.788318-4839,4840,4917,2589,162,127
12/01/2020-00:55:12.154760-4869,4870,4947,2589,157,144
12/01/2020-00:56:19.489982-4887,4888,4961,2589,161,142
12/01/2020-00:57:26.856397-4907,4908,4978,2589,159,147
12/01/2020-00:58:34.223829-4920,4920,4993,2590,162,146
12/01/2020-00:59:41.591380-4935,4935,5006,2590,158,143
12/01/2020-01:00:48.926109-4943,4945,5015,2591,164,126
12/01/2020-01:01:56.277494-4956,4956,5026,2590,161,130
12/01/2020-01:03:03.661292-4962,4963,5034,2590,160,135
12/01/2020-01:04:11.012052-4876,4877,4941,2591,158,143
12/01/2020-01:05:18.378648-4598,4599,4634,2591,163,142
12/01/2020-01:06:25.746475-4424,4428,4437,2591,156,151
12/01/2020-01:07:33.113330-4240,4242,4236,2592,160,149
12/01/2020-01:08:40.480402-4073,4080,4061,2592,164,147
12/01/2020-01:09:47.815281-3929,3935,3899,2592,158,154
12/01/2020-01:10:55.164941-3800,3807,3765,2592,159,140
12/01/2020-01:12:02.517364-3687,3690,3651,2592,164,146
12/01/2020-01:13:09.884803-3589,3594,3551,2592,163,155
12/01/2020-01:14:17.235829-3505,3507,3465,2592,158,143
12/01/2020-01:15:24.587090-3431,3432,3392,2592,163,151
12/01/2020-01:16:31.953237-3359,3362,3326,2592,166,155
12/01/2020-01:17:39.305265-3297,3299,3270,2591,156,151
12/01/2020-01:18:46.671461-3241,3243,3220,2591,164,152
12/01/2020-01:19:54.054815-3193,3197,3172,2591,165,146
12/01/2020-01:21:01.406360-3151,3154,3132,2591,162,155
12/01/2020-01:22:08.789716-3111,3113,3097,2591,163,157
12/01/2020-01:23:16.140771-3074,3076,3061,2591,163,153
12/01/2020-01:24:23.492765-3043,3044,3032,2591,162,155
12/01/2020-01:25:30.843644-3010,3012,3006,2591,166,156
12/01/2020-01:26:38.242496-2981,2983,2976,2590,158,155
12/01/2020-01:27:45.610565-2954,2956,2953,2590,163,155
12/01/2020-01:28:52.961795-2930,2932,2933,2591,165,155
12/01/2020-01:30:00.328712-2908,2910,2912,2590,163,154
12/01/2020-01:31:07.664120-2886,2889,2891,2590,160,156
12/01/2020-01:32:15.031245-2870,2867,2877,2590,166,154
12/01/2020-01:33:22.398408-2849,2850,2857,2590,164,148
12/01/2020-01:34:29.780812-2832,2833,2840,2591,160,153
12/01/2020-01:35:37.132770-2814,2815,2824,2590,167,154
12/01/2020-01:36:44.499849-2800,2800,2811,2591,160,155
12/01/2020-01:37:51.866709-3164,3162,3226,2590,162,152
12/01/2020-01:38:59.218673-3666,3660,3748,2591,161,152
12/01/2020-01:40:06.601602-4069,4066,4158,2591,163,146
12/01/2020-01:41:13.952214-4347,4348,4441,2592,160,151
12/01/2020-01:42:21.303828-4533,4533,4627,2592,162,147
12/01/2020-01:43:28.671156-4660,4661,4747,2592,158,129
12/01/2020-01:44:36.021557-4746,4745,4831,2593,159,149
12/01/2020-01:45:43.388288-4804,4806,4888,2593,163,126
12/01/2020-01:46:50.739576-4843,4845,4924,2593,162,125
12/01/2020-01:47:58.106699-4877,4878,4952,2593,156,135
12/01/2020-01:49:05.457453-4902,4902,4974,2593,161,128
12/01/2020-01:50:12.840785-4921,4922,4993,2594,162,126
12/01/2020-01:51:20.191134-4934,4935,5006,2593,158,145
12/01/2020-01:52:27.573882-4948,4948,5019,2594,162,147
12/01/2020-01:53:34.957092-4959,4959,5028,2594,162,139
12/01/2020-01:54:42.308375-4969,4968,5036,2594,162,149
12/01/2020-01:55:49.643489-4920,4922,4986,2594,160,129
12/01/2020-01:56:57.009740-4624,4627,4668,2595,162,136
12/01/2020-01:58:04.377843-4457,4462,4479,2595,163,149
12/01/2020-01:59:11.792079-4272,4277,4275,2595,162,136
12/01/2020-02:00:19.144249-4104,4113,4096,2595,164,145
12/01/2020-02:01:26.525500-3955,3964,3933,2594,157,139
12/01/2020-02:02:33.878161-3827,3832,3794,2594,164,144
12/01/2020-02:03:41.230153-3711,3716,3678,2594,161,155
12/01/2020-02:04:48.612686-3616,3621,3573,2594,162,149
12/01/2020-02:05:55.995203-3523,3525,3492,2594,166,153
12/01/2020-02:07:03.348048-3445,3449,3414,2594,158,152
12/01/2020-02:08:10.699341-3379,3381,3349,2594,161,155
12/01/2020-02:09:18.034988-3317,3317,3290,2593,164,148
12/01/2020-02:10:25.369908-3263,3266,3238,2593,161,146
12/01/2020-02:11:32.736857-3219,3221,3192,2593,160,147
12/01/2020-02:12:40.104004-3171,3173,3152,2593,166,149
12/01/2020-02:13:47.439775-3131,3130,3114,2593,159,154
12/01/2020-02:14:54.791020-3094,3096,3084,2593,166,155
12/01/2020-02:16:02.142430-3061,3062,3051,2593,165,156
12/01/2020-02:17:09.494263-3030,3028,3023,2592,163,156
12/01/2020-02:18:16.845206-3002,3005,2997,2593,162,151
12/01/2020-02:19:24.196398-2974,2976,2972,2592,163,152
12/01/2020-02:20:31.563542-2950,2950,2951,2592,161,156
12/01/2020-02:21:38.914768-2929,2930,2929,2592,167,154
12/01/2020-02:22:46.297145-2907,2906,2909,2593,161,147
12/01/2020-02:23:53.680299-2886,2888,2891,2592,166,147
12/01/2020-02:25:01.048795-2868,2870,2875,2592,166,150
12/01/2020-02:26:08.416399-2852,2853,2858,2593,159,151
12/01/2020-02:27:15.815352-2832,2832,2843,2593,166,151
12/01/2020-02:28:23.166976-2815,2816,2828,2593,161,155
12/01/2020-02:29:30.550567-2802,2803,2814,2592,163,152
12/01/2020-02:30:37.917339-2788,2789,2803,2592,165,156
12/01/2020-02:31:45.253188-2777,2777,2791,2592,159,155
12/01/2020-02:32:52.604502-2763,2765,2779,2592,166,149
12/01/2020-02:34:00.003743-2753,2753,2767,2592,163,149
12/01/2020-02:35:07.355681-2742,2742,2757,2591,160,154
12/01/2020-02:36:14.722631-2728,2728,2745,2591,164,152
12/01/2020-02:37:22.090119-2720,2721,2736,2591,166,154
12/01/2020-02:38:29.441378-2826,2825,2876,2591,166,147
12/01/2020-02:39:36.792577-3364,3360,3440,2591,164,154
12/01/2020-02:40:44.158137-3846,3844,3931,2592,166,154
12/01/2020-02:41:51.526572-4190,4186,4284,2591,159,133
12/01/2020-02:42:58.877549-4425,4426,4521,2592,163,135
12/01/2020-02:44:06.260763-4594,4593,4680,2592,157,148
12/01/2020-02:45:13.628141-4695,4695,4781,2592,159,128
12/01/2020-02:46:20.980360-4766,4766,4851,2593,163,143
12/01/2020-02:47:28.299937-4820,4819,4900,2593,157,148
12/01/2020-02:48:35.619461-4856,4856,4934,2592,161,137
12/01/2020-02:49:42.954455-4881,4882,4958,2593,161,149
12/01/2020-02:50:50.273825-4906,4907,4980,2592,159,137
12/01/2020-02:51:57.689336-4926,4926,4997,2593,157,146
12/01/2020-02:53:05.056774-4939,4942,5010,2594,162,145
12/01/2020-02:54:12.424008-4953,4954,5024,2595,161,136
12/01/2020-02:55:19.759599-4964,4963,5033,2594,158,144
12/01/2020-02:56:27.158566-4803,4806,4864,2595,158,148
12/01/2020-02:57:34.509430-4560,4565,4593,2594,159,146
12/01/2020-02:58:41.877957-4377,4378,4390,2593,165,147
12/01/2020-02:59:49.212365-4198,4204,4193,2593,162,136
12/01/2020-03:00:56.580538-4035,4045,4019,2594,159,145
12/01/2020-03:02:03.979293-3893,3896,3865,2594,165,138
12/01/2020-03:03:11.363404-3767,3775,3735,2593,159,139
12/01/2020-03:04:18.713627-3658,3664,3626,2593,163,151
12/01/2020-03:05:26.066185-3563,3568,3527,2593,167,143
12/01/2020-03:06:33.400709-3478,3482,3444,2593,163,155
12/01/2020-03:07:40.752309-3407,3410,3374,2593,167,156
12/01/2020-03:08:48.039808-3341,3346,3310,2592,161,155
12/01/2020-03:09:55.405585-3282,3286,3256,2592,164,150
12/01/2020-03:11:02.773471-3229,3231,3206,2592,167,156
12/01/2020-03:12:10.108756-3183,3186,3164,2592,162,156
12/01/2020-03:13:17.429703-3139,3140,3123,2592,164,156
12/01/2020-03:14:24.748018-3100,3102,3087,2592,166,155
12/01/2020-03:15:32.116437-3067,3068,3055,2592,165,150
12/01/2020-03:16:39.453312-3033,3036,3024,2592,168,150
12/01/2020-03:17:46.783790-3004,3008,2998,2592,165,154
12/01/2020-03:18:54.118912-2976,2978,2973,2591,166,155
12/01/2020-03:20:01.457985-2950,2955,2948,2591,165,153
12/01/2020-03:21:08.856138-2928,2930,2929,2591,166,156
12/01/2020-03:22:16.192418-2903,2906,2906,2591,165,152
12/01/2020-03:23:23.559956-2885,2884,2891,2591,168,155
12/01/2020-03:24:30.865703-2868,2866,2872,2591,168,156
12/01/2020-03:25:38.198670-2847,2849,2857,2590,165,148
12/01/2020-03:26:45.518449-2832,2832,2840,2590,167,149
12/01/2020-03:27:52.917402-2813,2814,2824,2591,164,154
12/01/2020-03:29:00.285066-2798,2799,2811,2591,165,152
12/01/2020-03:30:07.586227-2785,2785,2798,2591,167,148
12/01/2020-03:31:14.971796-2771,2771,2785,2591,165,148
12/01/2020-03:32:22.306632-2758,2758,2774,2591,167,147
12/01/2020-03:33:29.641022-2746,2747,2761,2590,162,155
12/01/2020-03:34:37.008779-2735,2734,2751,2590,168,156
12/01/2020-03:35:44.372497-2723,2724,2740,2590,167,156
12/01/2020-03:36:51.728513-2714,2713,2732,2590,167,145
12/01/2020-03:37:59.095813-2702,2703,2722,2590,166,155
12/01/2020-03:39:06.433334-2693,2693,2712,2590,168,155
12/01/2020-03:40:13.749976-2683,2682,2704,2590,168,155
12/01/2020-03:41:21.099437-2672,2673,2694,2589,167,147
12/01/2020-03:42:28.436347-2667,2668,2686,2589,168,154
12/01/2020-03:43:35.788639-3123,3120,3192,2589,165,155
12/01/2020-03:44:43.103962-3649,3645,3737,2590,163,155
12/01/2020-03:45:50.441173-4045,4045,4143,2590,163,154
12/01/2020-03:46:57.771929-4334,4330,4431,2589,166,154
12/01/2020-03:48:05.130008-4518,4517,4608,2590,166,152
12/01/2020-03:49:12.496950-4646,4647,4737,2590,166,150
12/01/2020-03:50:19.829910-4729,4729,4813,2591,165,144
12/01/2020-03:51:27.193542-4793,4794,4877,2590,161,150
12/01/2020-03:52:34.525186-4836,4838,4914,2591,165,148
12/01/2020-03:53:41.836850-4867,4868,4942,2591,163,140
12/01/2020-03:54:49.174415-4894,4895,4967,2591,166,147
12/01/2020-03:55:56.508543-4908,4908,4981,2591,163,149
12/01/2020-03:57:03.847089-4926,4926,5000,2591,165,147
12/01/2020-03:58:11.163071-4940,4939,5011,2592,162,147
12/01/2020-03:59:18.527995-4953,4953,5023,2591,164,145
12/01/2020-04:00:25.892464-4945,4945,5014,2592,165,146
12/01/2020-04:01:33.249399-4638,4641,4692,2592,165,127
12/01/2020-04:02:40.551250-4481,4484,4498,2591,163,145
12/01/2020-04:03:47.840444-4292,4298,4297,2591,166,127
12/01/2020-04:04:55.175958-4117,4123,4108,2592,164,154
12/01/2020-04:06:02.510957-3968,3972,3942,2592,167,148
12/01/2020-04:07:09.878332-3831,3839,3798,2592,164,155
12/01/2020-04:08:17.226423-3713,3717,3676,2591,167,143
12/01/2020-04:09:24.586103-3612,3617,3570,2591,165,143
12/01/2020-04:10:31.945238-3521,3525,3481,2591,168,150
12/01/2020-04:11:39.267120-3441,3444,3402,2591,162,150
12/01/2020-04:12:46.603290-3368,3373,3335,2590,167,155
12/01/2020-04:13:53.966464-3306,3311,3277,2590,163,153
12/01/2020-04:15:01.336723-3252,3254,3223,2590,168,148
12/01/2020-04:16:08.705034-3201,3203,3176,2590,163,155
12/01/2020-04:17:16.068651-3156,3158,3135,2590,163,153
12/01/2020-04:18:23.423985-3115,3116,3097,2590,166,144
12/01/2020-04:19:30.765327-3078,3080,3064,2590,168,153
12/01/2020-04:20:38.110275-3041,3043,3031,2590,167,156
12/01/2020-04:21:45.486090-3011,3013,3003,2589,165,155
12/01/2020-04:22:52.876049-2979,2983,2974,2591,169,156
12/01/2020-04:24:00.211883-2953,2956,2950,2590,165,156
12/01/2020-04:25:07.539061-2931,2933,2927,2589,168,155
12/01/2020-04:26:14.876695-2908,2909,2909,2590,167,146
12/01/2020-04:27:22.234427-2886,2887,2888,2588,165,155
12/01/2020-04:28:29.601358-2866,2867,2872,2589,164,155
12/01/2020-04:29:36.967264-2847,2849,2854,2590,167,151
12/01/2020-04:30:44.317717-2830,2829,2840,2589,166,151
12/01/2020-04:31:51.652493-2814,2815,2824,2588,163,156
12/01/2020-04:32:59.019874-2798,2799,2810,2588,168,155
12/01/2020-04:34:06.384613-2783,2783,2797,2589,168,154
12/01/2020-04:35:13.723014-2769,2768,2783,2589,165,155
12/01/2020-04:36:21.059327-2755,2756,2771,2589,168,155
12/01/2020-04:37:28.379407-2744,2743,2758,2589,167,150
12/01/2020-04:38:35.714402-2732,2733,2748,2588,168,149
12/01/2020-04:39:43.034067-2722,2722,2739,2588,164,155
12/01/2020-04:40:50.369267-2710,2710,2728,2588,164,148
12/01/2020-04:41:57.704273-2700,2700,2719,2588,168,152
12/01/2020-04:43:05.007461-2689,2690,2709,2587,168,146
12/01/2020-04:44:12.358510-2680,2681,2699,2588,162,155
12/01/2020-04:45:19.693566-2671,2672,2691,2586,168,155
12/01/2020-04:46:27.037851-2661,2662,2682,2587,168,156
12/01/2020-04:47:34.396151-2654,2655,2674,2586,168,156
12/01/2020-04:48:41.713836-2762,2761,2810,2586,168,156
12/01/2020-04:49:49.053767-3311,3309,3386,2587,163,156
12/01/2020-04:50:56.384000-3796,3787,3884,2587,166,140
12/01/2020-04:52:03.749748-4158,4156,4252,2588,167,152
12/01/2020-04:53:11.102024-4404,4401,4498,2587,165,139
12/01/2020-04:54:18.454058-4565,4563,4658,2588,163,125
12/01/2020-04:55:25.820120-4679,4679,4765,2588,163,146
12/01/2020-04:56:33.201253-4752,4752,4835,2588,165,148
12/01/2020-04:57:40.556721-4808,4807,4889,2589,166,129
12/01/2020-04:58:47.891304-4840,4840,4917,2588,164,141
12/01/2020-04:59:55.258462-4870,4869,4945,2589,163,149
12/01/2020-05:01:02.610124-4894,4895,4968,2588,166,145
12/01/2020-05:02:09.913255-4916,4916,4988,2589,163,137
12/01/2020-05:03:17.278837-4929,4930,4999,2589,166,142
12/01/2020-05:04:24.618950-4941,4942,5014,2588,163,141
12/01/2020-05:05:31.935352-4955,4956,5027,2588,164,135
12/01/2020-05:06:39.270679-4910,4910,4977,2589,163,141
12/01/2020-05:07:46.622109-4608,4613,4653,2589,164,132
12/01/2020-05:08:53.987764-4440,4446,4456,2589,163,152
12/01/2020-05:10:01.354632-4254,4263,4252,2589,163,153
12/01/2020-05:11:08.722321-4087,4093,4068,2590,167,147
12/01/2020-05:12:16.008811-3936,3943,3907,2590,163,154
12/01/2020-05:13:23.361909-3803,3811,3764,2589,166,154
12/01/2020-05:14:30.712475-3685,3690,3651,2589,166,151
12/01/2020-05:15:38.046838-3586,3591,3549,2589,167,153
12/01/2020-05:16:45.431801-3497,3502,3460,2588,162,146
12/01/2020-05:17:52.768878-3419,3422,3384,2588,167,153
12/01/2020-05:19:00.083404-3352,3355,3317,2588,165,154
12/01/2020-05:20:07.409704-3289,3292,3260,2588,167,153
12/01/2020-05:21:14.730888-3234,3237,3211,2588,167,145
12/01/2020-05:22:22.091504-3185,3187,3163,2588,163,152
12/01/2020-05:23:29.411615-3140,3142,3122,2588,168,156
12/01/2020-05:24:36.763260-3098,3101,3082,2588,167,150
12/01/2020-05:25:44.095638-3063,3064,3049,2587,168,155
12/01/2020-05:26:51.449536-3029,3030,3018,2588,168,152
12/01/2020-05:27:58.799836-2998,3000,2991,2587,167,156
12/01/2020-05:29:06.167515-2970,2968,2967,2587,166,149
12/01/2020-05:30:13.487470-2945,2944,2942,2588,168,148
12/01/2020-05:31:20.790847-2919,2921,2918,2588,166,153
12/01/2020-05:32:28.129207-2899,2899,2900,2587,168,152
12/01/2020-05:33:35.456816-2874,2878,2879,2587,169,155
12/01/2020-05:34:42.791244-2856,2857,2862,2586,166,154
12/01/2020-05:35:50.147708-2839,2838,2845,2586,162,155
12/01/2020-05:36:57.490659-2830,2829,2830,2586,167,145
12/01/2020-05:38:04.865408-2814,2815,2818,2587,165,148
12/01/2020-05:39:12.233449-2798,2799,2804,2587,164,156
12/01/2020-05:40:19.558216-2785,2786,2789,2586,163,154
12/01/2020-05:41:26.903974-2770,2772,2776,2586,168,151
12/01/2020-05:42:34.235514-2759,2760,2765,2585,167,155
12/01/2020-05:43:41.558491-2746,2746,2753,2585,166,155
12/01/2020-05:44:48.924501-2728,2729,2740,2585,163,154
12/01/2020-05:45:56.288768-2715,2713,2727,2585,168,153
12/01/2020-05:47:03.620116-2702,2701,2718,2585,163,155
12/01/2020-05:48:10.946236-2690,2689,2707,2585,165,147
12/01/2020-05:49:18.279193-2680,2680,2697,2584,164,154
12/01/2020-05:50:25.646130-2670,2671,2688,2584,166,154
12/01/2020-05:51:32.999683-2662,2663,2680,2584,163,155
12/01/2020-05:52:40.338244-2654,2654,2673,2584,167,155
12/01/2020-05:53:47.687409-2714,2713,2752,2584,166,150
12/01/2020-05:54:55.067536-3257,3255,3333,2583,166,156
12/01/2020-05:56:02.436484-3764,3755,3847,2584,164,146
12/01/2020-05:57:09.787720-4133,4129,4227,2584,166,138
12/01/2020-05:58:17.139088-4388,4387,4483,2584,166,152
12/01/2020-05:59:24.505470-4560,4558,4649,2585,164,150
12/01/2020-06:00:31.856701-4670,4669,4760,2585,165,150
12/01/2020-06:01:39.195336-4751,4750,4833,2585,162,130
12/01/2020-06:02:46.544490-4803,4803,4884,2585,165,131
12/01/2020-06:03:53.846302-4840,4840,4918,2586,165,139
12/01/2020-06:05:01.167078-4877,4876,4954,2585,165,135
12/01/2020-06:06:08.502161-4898,4898,4971,2586,165,149
12/01/2020-06:07:15.847952-4917,4918,4991,2586,163,150
12/01/2020-06:08:23.204579-4933,4933,5004,2586,163,144
12/01/2020-06:09:30.556259-4944,4946,5016,2586,162,146
12/01/2020-06:10:37.890503-4957,4958,5030,2585,163,141
12/01/2020-06:11:45.221040-4965,4966,5034,2586,162,141
12/01/2020-06:12:52.540881-4801,4803,4862,2587,164,147
12/01/2020-06:13:59.896973-4560,4566,4590,2587,164,146
12/01/2020-06:15:07.252796-4374,4376,4386,2586,164,136
12/01/2020-06:16:14.584441-4195,4200,4184,2587,163,135
12/01/2020-06:17:21.943341-4036,4037,4006,2586,163,150
12/01/2020-06:18:29.310692-3889,3894,3854,2587,167,147
12/01/2020-06:19:36.686151-3760,3767,3727,2587,163,155
12/01/2020-06:20:44.051827-3649,3655,3619,2586,167,146
12/01/2020-06:21:51.420309-3557,3560,3518,2585,163,155
12/01/2020-06:22:58.771372-3469,3473,3438,2585,165,156
12/01/2020-06:24:06.112278-3396,3400,3365,2585,167,156
12/01/2020-06:25:13.439191-3329,3333,3301,2585,167,156
12/01/2020-06:26:20.761524-3271,3275,3244,2585,163,142
12/01/2020-06:27:28.129789-3217,3219,3197,2585,164,154
12/01/2020-06:28:35.484822-3172,3174,3151,2585,166,154
12/01/2020-06:29:42.844303-3128,3132,3111,2585,167,156
12/01/2020-06:30:50.197806-3090,3093,3074,2585,168,153
12/01/2020-06:31:57.565976-3054,3055,3041,2584,165,155
12/01/2020-06:33:04.915673-3021,3022,3012,2584,164,156
12/01/2020-06:34:12.284457-2994,2994,2985,2585,169,154
12/01/2020-06:35:19.651786-2963,2965,2960,2584,163,148
12/01/2020-06:36:26.990568-2937,2941,2934,2585,165,156
12/01/2020-06:37:34.338195-2911,2913,2914,2585,168,156
12/01/2020-06:38:41.673172-2892,2893,2892,2584,164,156
12/01/2020-06:39:49.035985-2870,2871,2875,2584,167,155
12/01/2020-06:40:56.359427-2849,2850,2857,2584,165,154
12/01/2020-06:42:03.699360-2832,2836,2837,2583,163,154
12/01/2020-06:43:11.026624-2816,2816,2825,2584,165,154
12/01/2020-06:44:18.348870-2799,2800,2808,2584,163,156
12/01/2020-06:45:25.716066-2788,2788,2797,2583,168,156
12/01/2020-06:46:33.019644-2771,2772,2784,2584,163,155
12/01/2020-06:47:40.354531-2759,2758,2772,2584,168,152
12/01/2020-06:48:47.701570-2745,2746,2758,2583,165,149
12/01/2020-06:49:55.062055-2732,2733,2746,2583,166,149
12/01/2020-06:51:02.391317-2723,2721,2737,2583,163,156
12/01/2020-06:52:09.722848-2710,2709,2727,2583,168,156
12/01/2020-06:53:17.046867-2698,2698,2718,2582,169,156
12/01/2020-06:54:24.410928-2689,2689,2708,2582,167,156
12/01/2020-06:55:31.765246-2679,2678,2697,2582,166,154
12/01/2020-06:56:39.079833-2670,2669,2688,2582,168,146
12/01/2020-06:57:46.410832-2663,2663,2682,2582,168,155
12/01/2020-06:58:53.776201-2864,2863,2919,2582,162,148
12/01/2020-07:00:01.090373-3410,3408,3490,2582,162,154
12/01/2020-07:01:08.425739-3874,3876,3969,2583,167,147
12/01/2020-07:02:15.791199-4211,4210,4308,2582,166,151
12/01/2020-07:03:23.094603-4445,4441,4538,2582,165,124
12/01/2020-07:04:30.431459-4595,4596,4689,2583,161,149
12/01/2020-07:05:37.750565-4698,4699,4784,2583,165,149
12/01/2020-07:06:45.103241-4771,4770,4854,2582,165,124
12/01/2020-07:07:52.419718-4820,4820,4901,2583,164,150
12/01/2020-07:08:59.786800-4853,4853,4932,2583,165,149
12/01/2020-07:10:07.140014-4880,4880,4957,2584,162,133
12/01/2020-07:11:14.492086-4904,4906,4978,2583,165,146
12/01/2020-07:12:21.858581-4926,4929,4998,2584,163,136
12/01/2020-07:13:29.225784-4934,4936,5007,2584,162,147
12/01/2020-07:14:36.545134-4952,4952,5024,2584,165,139
12/01/2020-07:15:43.880126-4967,4966,5036,2583,163,137
12/01/2020-07:16:51.213441-4869,4872,4931,2584,165,128
12/01/2020-07:17:58.582282-4588,4595,4629,2584,167,149
12/01/2020-07:19:05.947300-4413,4420,4424,2584,165,140
12/01/2020-07:20:13.301570-4233,4236,4219,2583,162,131
12/01/2020-07:21:20.652664-4062,4067,4042,2584,164,154
12/01/2020-07:22:28.019574-3918,3923,3883,2584,166,146
12/01/2020-07:23:35.371514-3785,3787,3750,2584,164,148
12/01/2020-07:24:42.714076-3676,3681,3634,2584,166,155
12/01/2020-07:25:50.057837-3573,3578,3537,2583,163,146
12/01/2020-07:26:57.404488-3488,3492,3450,2583,164,155
12/01/2020-07:28:04.740505-3411,3414,3374,2583,164,151
12/01/2020-07:29:12.082604-3343,3346,3312,2583,166,150
12/01/2020-07:30:19.399074-3280,3283,3254,2583,164,155
12/01/2020-07:31:26.734273-3228,3230,3204,2583,167,152
12/01/2020-07:32:34.073738-3179,3182,3157,2583,165,151
12/01/2020-07:33:41.436818-3136,3140,3115,2583,165,143
12/01/2020-07:34:48.799501-3095,3097,3080,2582,167,152
12/01/2020-07:35:56.124131-3058,3060,3046,2582,166,145
12/01/2020-07:37:03.460208-3025,3027,3015,2581,165,155
12/01/2020-07:38:10.778760-2994,2997,2986,2582,167,156
12/01/2020-07:39:18.130012-2966,2966,2961,2581,167,152
12/01/2020-07:40:25.491584-2939,2941,2936,2582,166,153
12/01/2020-07:41:32.821310-2916,2917,2917,2582,163,146
12/01/2020-07:42:40.147141-2896,2894,2896,2582,168,147
12/01/2020-07:43:47.470933-2873,2875,2878,2582,163,148
12/01/2020-07:44:54.836700-2853,2853,2859,2582,163,152
12/01/2020-07:46:02.170440-2834,2833,2842,2582,169,150
12/01/2020-07:47:09.528253-2817,2816,2826,2582,164,145
12/01/2020-07:48:16.856399-2800,2801,2810,2582,166,154
12/01/2020-07:49:24.177682-2785,2785,2797,2581,168,155
12/01/2020-07:50:31.496705-2771,2770,2785,2581,168,154
12/01/2020-07:51:38.799724-2758,2758,2772,2581,168,148
12/01/2020-07:52:46.150938-2744,2745,2758,2581,168,155
12/01/2020-07:53:53.509820-2732,2733,2748,2580,165,155
12/01/2020-07:55:00.813481-2721,2721,2737,2580,165,156
12/01/2020-07:56:08.176370-2708,2709,2726,2580,164,154
12/01/2020-07:57:15.476920-2697,2698,2714,2580,165,152
12/01/2020-07:58:22.838674-2687,2688,2705,2580,166,152
12/01/2020-07:59:30.170653-2676,2677,2695,2580,163,154
12/01/2020-08:00:37.531780-2669,2669,2688,2580,168,151
12/01/2020-08:01:44.856014-2659,2660,2679,2579,167,153
12/01/2020-08:02:52.210349-2652,2651,2673,2579,167,157
12/01/2020-08:03:59.549221-2644,2645,2665,2579,168,152
12/01/2020-08:05:06.873808-3058,3055,3122,2578,168,150
12/01/2020-08:06:14.239478-3592,3590,3673,2579,164,155
12/01/2020-08:07:21.560447-4006,4002,4100,2580,164,153
12/01/2020-08:08:28.860885-4311,4310,4402,2579,166,149
12/01/2020-08:09:36.215554-4504,4504,4596,2580,162,147
12/01/2020-08:10:43.582735-4635,4635,4729,2580,161,144
12/01/2020-08:11:50.932842-4725,4725,4812,2580,165,148
12/01/2020-08:12:58.266708-4791,4792,4875,2580,163,135
12/01/2020-08:14:05.589718-4833,4833,4915,2581,165,143
12/01/2020-08:15:12.940575-4867,4869,4947,2581,165,142
12/01/2020-08:16:20.274315-4892,4893,4968,2581,165,149
12/01/2020-08:17:27.627338-4916,4916,4990,2581,162,150
12/01/2020-08:18:35.001377-4929,4930,5000,2581,162,131
12/01/2020-08:19:42.361310-4940,4941,5010,2582,165,147
12/01/2020-08:20:49.681825-4955,4955,5025,2581,165,140
12/01/2020-08:21:57.017139-4960,4961,5031,2581,163,138
12/01/2020-08:23:04.319587-4743,4745,4800,2582,165,149
12/01/2020-08:24:11.670476-4527,4532,4550,2581,163,127
12/01/2020-08:25:19.020092-4340,4343,4343,2581,166,153
12/01/2020-08:26:26.341070-4161,4165,4148,2582,166,149
12/01/2020-08:27:33.692009-4003,4009,3973,2581,167,152
12/01/2020-08:28:41.033329-3864,3867,3825,2581,167,152
12/01/2020-08:29:48.363908-3740,3743,3699,2581,164,153
12/01/2020-08:30:55.710103-3628,3634,3594,2581,165,152
12/01/2020-08:32:03.065473-3540,3544,3499,2580,163,147
12/01/2020-08:33:10.431919-3455,3460,3417,2580,164,149
12/01/2020-08:34:17.772517-3383,3385,3350,2580,164,155
12/01/2020-08:35:25.101920-3319,3322,3285,2580,168,151
12/01/2020-08:36:32.423361-3260,3263,3229,2580,167,155
12/01/2020-08:37:39.804824-3207,3210,3181,2580,167,156
12/01/2020-08:38:47.103969-3162,3166,3136,2579,167,156
12/01/2020-08:39:54.428079-3119,3121,3098,2579,165,143
12/01/2020-08:41:01.812126-3079,3080,3062,2579,168,156
12/01/2020-08:42:09.147856-3044,3046,3028,2580,164,148
12/01/2020-08:43:16.481895-3011,3015,2999,2579,166,153
12/01/2020-08:44:23.813164-2983,2988,2972,2579,165,146
12/01/2020-08:45:31.154244-2959,2963,2947,2579,165,155
12/01/2020-08:46:38.509749-2931,2933,2925,2580,167,153
12/01/2020-08:47:45.839091-2908,2908,2903,2579,168,145
12/01/2020-08:48:53.160234-2890,2888,2884,2579,164,153
12/01/2020-08:50:00.521762-2866,2867,2865,2579,166,157
12/01/2020-08:51:07.878597-2847,2850,2846,2578,168,149
12/01/2020-08:52:15.242037-2829,2830,2830,2579,165,151
12/01/2020-08:53:22.597134-2814,2812,2817,2578,165,153
12/01/2020-08:54:29.959190-2792,2793,2800,2578,163,156
12/01/2020-08:55:37.315825-2775,2775,2787,2578,168,155
12/01/2020-08:56:44.648220-2762,2760,2772,2578,167,147
12/01/2020-08:57:51.983545-2748,2746,2759,2578,166,151
12/01/2020-08:58:59.316198-2735,2734,2748,2578,168,153
12/01/2020-09:00:06.646694-2722,2723,2736,2577,166,153
12/01/2020-09:01:13.990002-2702,2703,2717,2577,168,156
12/01/2020-09:02:21.325507-2687,2687,2704,2577,165,150
12/01/2020-09:03:28.691820-2672,2673,2692,2577,166,156
12/01/2020-09:04:36.091436-2658,2659,2678,2577,168,148
12/01/2020-09:05:43.474217-2646,2646,2669,2577,163,156
12/01/2020-09:06:50.808791-2635,2636,2659,2576,167,156
12/01/2020-09:07:58.191860-2623,2623,2648,2576,168,155
12/01/2020-09:09:05.559870-2613,2615,2639,2576,169,154
12/01/2020-09:10:12.942942-2605,2606,2630,2576,169,156
12/01/2020-09:11:20.340995-2596,2597,2622,2576,167,155
12/01/2020-09:12:27.724320-2589,2589,2615,2576,168,156
12/01/2020-09:13:35.091693-2581,2580,2608,2576,168,155
12/01/2020-09:14:42.442594-3042,3039,3110,2575,168,152
12/01/2020-09:15:49.809957-3596,3590,3683,2576,164,141
12/01/2020-09:16:57.176564-4024,4024,4121,2576,165,135
12/01/2020-09:18:04.544790-4328,4324,4427,2576,165,139
12/01/2020-09:19:11.887908-4523,4522,4618,2576,165,143
12/01/2020-09:20:19.230203-4652,4652,4744,2576,163,152
12/01/2020-09:21:26.562475-4739,4738,4827,2577,163,126
12/01/2020-09:22:33.917758-4803,4802,4885,2577,165,150
12/01/2020-09:23:41.253023-4846,4846,4927,2578,162,133
12/01/2020-09:24:48.553492-4879,4879,4955,2578,165,142
12/01/2020-09:25:55.891716-4903,4906,4978,2578,162,124
12/01/2020-09:27:03.225283-4919,4919,4993,2578,165,132
12/01/2020-09:28:10.544776-4724,4726,4784,2578,163,150
12/01/2020-09:29:17.879886-4456,4460,4473,2578,165,149
12/01/2020-09:30:25.231186-4230,4238,4227,2578,163,152
12/01/2020-09:31:32.631960-4033,4039,4014,2577,163,153
12/01/2020-09:32:39.962319-3859,3863,3833,2577,165,154
12/01/2020-09:33:47.286249-3706,3713,3679,2577,166,155
12/01/2020-09:34:54.653702-3577,3581,3548,2577,164,152
12/01/2020-09:36:01.995958-3470,3475,3452,2577,167,144
12/01/2020-09:37:09.364712-3385,3390,3374,2576,168,152
12/01/2020-09:38:16.691781-3305,3310,3298,2576,166,155
12/01/2020-09:39:24.010736-3236,3239,3229,2576,166,155
12/01/2020-09:40:31.330044-3175,3179,3173,2576,165,156
12/01/2020-09:41:38.649220-3126,3128,3126,2576,168,156
12/01/2020-09:42:46.016773-3081,3084,3086,2575,163,145
12/01/2020-09:43:53.368141-3040,3042,3044,2575,164,145
12/01/2020-09:45:00.719125-3003,3005,3011,2576,163,155
12/01/2020-09:46:08.054718-2969,2971,2979,2575,165,154
12/01/2020-09:47:15.389779-2935,2937,2948,2575,164,155
12/01/2020-09:48:22.725013-2904,2908,2919,2576,165,154
12/01/2020-09:49:30.042338-2881,2879,2897,2576,165,152
12/01/2020-09:50:37.368093-2857,2857,2875,2576,164,155
12/01/2020-09:51:44.709454-2834,2835,2856,2575,166,156
12/01/2020-09:52:52.012635-2815,2816,2836,2575,163,155
12/01/2020-09:53:59.353035-2795,2797,2817,2575,164,153
12/01/2020-09:55:06.690653-2775,2777,2800,2574,163,144
12/01/2020-09:56:14.023394-2761,2760,2784,2574,165,155
12/01/2020-09:57:21.374323-2744,2745,2768,2574,165,155
12/01/2020-09:58:28.717605-2728,2726,2754,2574,167,155
12/01/2020-09:59:36.055170-2713,2715,2739,2574,164,156
12/01/2020-10:00:43.380055-2698,2701,2724,2574,167,148
12/01/2020-10:01:50.715240-2685,2686,2713,2574,168,156
12/01/2020-10:02:58.050369-2675,2673,2700,2574,165,147
12/01/2020-10:04:05.369473-2662,2663,2688,2574,167,155
12/01/2020-10:05:12.735458-2650,2652,2676,2573,165,153
12/01/2020-10:06:20.093324-2641,2641,2667,2573,168,155
12/01/2020-10:07:27.439069-2631,2632,2658,2573,163,147
12/01/2020-10:08:34.774318-2622,2621,2648,2573,168,156
12/01/2020-10:09:42.109221-2612,2612,2639,2573,166,156
12/01/2020-10:10:49.476478-2603,2603,2630,2573,165,155
12/01/2020-10:11:56.809174-2593,2594,2621,2572,167,154
12/01/2020-10:13:04.146796-2585,2585,2613,2572,166,145
12/01/2020-10:14:11.482335-2578,2578,2607,2572,164,148
12/01/2020-10:15:18.862823-2569,2570,2598,2572,164,148
12/01/2020-10:16:26.214633-2563,2562,2590,2572,167,152
12/01/2020-10:17:33.558218-2555,2555,2584,2571,167,147
12/01/2020-10:18:40.934107-2547,2547,2578,2571,166,153
12/01/2020-10:19:48.286045-2543,2543,2572,2571,166,155
12/01/2020-10:20:55.620713-2537,2536,2564,2571,169,147
12/01/2020-10:22:02.954669-2532,2532,2558,2570,167,148
12/01/2020-10:23:10.274341-2526,2526,2554,2569,168,152
12/01/2020-10:24:17.610735-2524,2523,2549,2570,164,154
12/01/2020-10:25:24.945856-2516,2516,2543,2569,162,150
12/01/2020-10:26:32.264025-2513,2512,2540,2569,163,150
12/01/2020-10:27:39.583345-2507,2507,2532,2569,169,156
12/01/2020-10:28:46.934489-2501,2501,2530,2569,166,154
12/01/2020-10:29:54.270250-2496,2497,2523,2569,163,147
12/01/2020-10:31:01.605133-2490,2491,2519,2568,167,153
12/01/2020-10:32:08.945663-2486,2486,2513,2568,168,155
12/01/2020-10:33:16.290347-2483,2483,2510,2568,165,155
12/01/2020-10:34:23.689187-2478,2479,2507,2568,167,146
12/01/2020-10:35:31.057349-2474,2475,2502,2568,163,154
12/01/2020-10:36:38.412150-2470,2470,2498,2567,168,148
12/01/2020-10:37:45.728299-2465,2465,2493,2567,166,150
12/01/2020-10:38:53.063735-2461,2461,2489,2567,169,146
12/01/2020-10:40:00.381364-2456,2457,2484,2567,169,147
12/01/2020-10:41:07.733685-2452,2452,2481,2567,164,155
12/01/2020-10:42:15.036667-2451,2450,2477,2567,163,154
12/01/2020-10:43:22.371808-2446,2445,2473,2567,166,155
12/01/2020-10:44:29.722831-2441,2442,2471,2567,165,155
12/01/2020-10:45:37.057377-2437,2438,2466,2566,167,155
12/01/2020-10:46:44.376323-2434,2435,2462,2566,167,152
12/01/2020-10:47:51.714981-2429,2430,2459,2566,164,145
12/01/2020-10:48:59.049518-2427,2426,2457,2565,164,147
12/01/2020-10:50:06.414075-2423,2422,2452,2565,167,148
12/01/2020-10:51:13.753259-2420,2420,2448,2565,165,155
12/01/2020-10:52:21.116224-2416,2416,2445,2565,164,155
12/01/2020-10:53:28.483109-2414,2413,2442,2565,165,155
12/01/2020-10:54:35.801954-2410,2410,2439,2565,167,154
12/01/2020-10:55:43.150539-2407,2408,2436,2565,164,154
12/01/2020-10:56:50.502642-2404,2404,2433,2564,165,154
12/01/2020-10:57:57.885173-2400,2399,2429,2564,166,156
12/01/2020-10:59:05.190584-2396,2397,2425,2564,163,154
12/01/2020-11:00:12.541368-2392,2393,2422,2564,169,147
12/01/2020-11:01:19.876459-2391,2390,2419,2564,168,151
12/01/2020-11:02:27.243512-2387,2388,2416,2564,167,154
12/01/2020-11:03:34.621596-2384,2384,2413,2564,166,150
12/01/2020-11:04:41.942673-2382,2383,2411,2563,163,146
12/01/2020-11:05:49.278660-2378,2379,2407,2563,165,148
12/01/2020-11:06:56.646988-2374,2374,2403,2563,166,148
12/01/2020-11:08:03.981583-2372,2371,2401,2563,167,151
12/01/2020-11:09:11.285959-2368,2369,2398,2563,167,148
12/01/2020-11:10:18.652961-2365,2366,2395,2563,163,154
12/01/2020-11:11:26.003437-2360,2361,2391,2563,168,149
12/01/2020-11:12:33.370541-2359,2358,2387,2562,164,154
12/01/2020-11:13:40.703946-2356,2356,2387,2561,169,148
12/01/2020-11:14:48.056448-2354,2355,2383,2561,168,152
12/01/2020-11:15:55.354753-2351,2351,2380,2561,169,153
12/01/2020-11:17:02.678275-2350,2351,2378,2561,163,155
12/01/2020-11:18:09.997672-2347,2347,2376,2561,163,151
12/01/2020-11:19:17.316588-2345,2344,2375,2561,169,152
12/01/2020-11:20:24.682365-2341,2341,2371,2561,165,147
12/01/2020-11:21:32.049845-2340,2339,2369,2561,164,146
12/01/2020-11:22:39.430005-2338,2337,2368,2561,166,154
12/01/2020-11:23:46.736617-2334,2334,2363,2560,165,147
12/01/2020-11:24:54.074609-2333,2333,2362,2560,166,155
12/01/2020-11:26:01.421613-2331,2331,2360,2560,168,154
12/01/2020-11:27:08.737502-2327,2328,2357,2560,163,151
12/01/2020-11:28:16.060544-2326,2325,2354,2560,164,152
12/01/2020-11:29:23.423722-2322,2323,2351,2560,168,153
12/01/2020-11:30:30.778308-2321,2320,2349,2559,168,149
12/01/2020-11:31:38.176650-2317,2318,2345,2559,164,155
12/01/2020-11:32:45.544694-2316,2316,2345,2559,166,154
12/01/2020-11:33:52.895312-2314,2315,2344,2559,168,149
12/01/2020-11:35:00.263007-2310,2311,2340,2559,168,153
12/01/2020-11:36:07.608292-2309,2309,2338,2559,168,153
12/01/2020-11:37:14.943499-2305,2306,2336,2559,168,153
12/01/2020-11:38:22.267550-2304,2305,2333,2559,169,155
12/01/2020-11:39:29.616761-2302,2301,2333,2558,168,154
12/01/2020-11:40:36.969061-2300,2301,2331,2558,168,155
12/01/2020-11:41:44.304023-2297,2297,2327,2558,164,154
12/01/2020-11:42:51.619156-2295,2296,2324,2558,167,154
12/01/2020-11:43:58.923311-2294,2294,2323,2558,164,150
12/01/2020-11:45:06.277334-2292,2292,2321,2558,169,156
12/01/2020-11:46:13.610372-2289,2290,2319,2557,163,148
12/01/2020-11:47:20.947619-2289,2290,2319,2557,165,154
12/01/2020-11:48:28.293579-2290,2290,2318,2557,167,154
12/01/2020-11:49:35.616384-2289,2288,2318,2557,163,154
12/01/2020-11:50:42.982549-2291,2291,2319,2557,167,155
12/01/2020-11:51:50.321184-2291,2291,2319,2557,165,147
12/01/2020-11:52:57.669391-2289,2290,2317,2557,164,153
12/01/2020-11:54:05.005028-2285,2286,2312,2557,168,150
12/01/2020-11:55:12.371399-2280,2280,2307,2557,165,153
12/01/2020-11:56:19.750095-2279,2278,2307,2556,165,152
12/01/2020-11:57:27.073853-2274,2274,2304,2556,164,146
12/01/2020-11:58:34.441121-2271,2272,2302,2556,167,155
12/01/2020-11:59:41.747310-2272,2273,2303,2556,165,154
12/01/2020-12:00:49.077956-2270,2271,2298,2556,163,153
12/01/2020-12:01:56.381727-2270,2271,2297,2556,165,154
12/01/2020-12:03:03.731518-2268,2268,2296,2556,165,154
12/01/2020-12:04:11.050171-2270,2269,2298,2556,165,145
12/01/2020-12:05:18.385458-2267,2268,2294,2555,163,148
12/01/2020-12:06:25.776730-2265,2266,2293,2555,167,154
12/01/2020-12:07:33.182282-2265,2264,2291,2555,169,155
12/01/2020-12:08:40.534298-2262,2263,2290,2556,168,150
12/01/2020-12:09:47.869430-2261,2262,2289,2556,169,151
12/01/2020-12:10:55.219568-2261,2262,2288,2555,167,151
12/01/2020-12:12:02.586692-2261,2262,2286,2554,168,154
12/01/2020-12:13:09.938592-2261,2260,2286,2554,166,154
12/01/2020-12:14:17.257056-2260,2259,2285,2554,163,148
12/01/2020-12:15:24.607863-2256,2257,2283,2554,168,152
12/01/2020-12:16:31.973592-2252,2253,2279,2554,165,153
12/01/2020-12:17:39.308583-2250,2250,2278,2554,163,154
12/01/2020-12:18:46.660910-2250,2250,2278,2554,167,148
12/01/2020-12:19:54.010429-2249,2250,2276,2553,163,154
12/01/2020-12:21:01.359692-2248,2249,2274,2552,162,152
12/01/2020-12:22:08.681368-2248,2248,2274,2553,168,151
12/01/2020-12:23:16.035267-2244,2244,2271,2553,168,151
12/01/2020-12:24:23.335301-2242,2242,2270,2553,169,151
12/01/2020-12:25:30.670347-2236,2236,2266,2553,163,155
12/01/2020-12:26:38.021195-2236,2236,2264,2552,168,155
12/01/2020-12:27:45.347482-2236,2236,2262,2553,168,147
12/01/2020-12:28:52.707271-2234,2235,2262,2553,169,150
12/01/2020-12:30:00.052180-2234,2234,2261,2553,163,154
12/01/2020-12:31:07.393363-2234,2234,2262,2553,167,154
12/01/2020-12:32:14.724672-2230,2230,2257,2552,166,151
12/01/2020-12:33:22.074195-2228,2228,2255,2552,164,152
12/01/2020-12:34:29.413298-2227,2228,2256,2552,166,149
12/01/2020-12:35:36.731942-2739,2737,2820,2552,163,148
12/01/2020-12:36:44.081327-3335,3328,3429,2551,167,153
12/01/2020-12:37:51.444138-3807,3802,3913,2553,163,155
12/01/2020-12:38:58.749740-4127,4128,4231,2553,163,152
12/01/2020-12:40:06.103765-4347,4343,4446,2553,163,152
12/01/2020-12:41:13.422466-4490,4490,4584,2553,163,152
12/01/2020-12:42:20.757985-4591,4590,4679,2553,163,141
12/01/2020-12:43:28.124041-4655,4655,4740,2554,163,136
12/01/2020-12:44:35.427090-4710,4710,4791,2554,165,147
12/01/2020-12:45:42.794267-4743,4745,4820,2554,163,128
12/01/2020-12:46:50.144945-4771,4773,4848,2555,162,144
12/01/2020-12:47:57.479885-4793,4794,4868,2556,165,147
12/01/2020-12:49:04.825615-4806,4807,4881,2556,163,128
12/01/2020-12:50:12.195343-4534,4538,4591,2556,163,135
12/01/2020-12:51:19.532449-4325,4330,4350,2556,161,151
12/01/2020-12:52:26.867474-4129,4131,4134,2556,166,154
12/01/2020-12:53:34.210813-3947,3953,3928,2557,166,151
12/01/2020-12:54:41.558193-3777,3784,3752,2556,165,139
12/01/2020-12:55:48.888533-3634,3640,3599,2556,166,151
12/01/2020-12:56:56.230792-3505,3509,3472,2556,166,154
12/01/2020-12:58:03.558972-3399,3405,3357,2556,165,153
12/01/2020-12:59:10.909827-3304,3310,3264,2556,167,155
12/01/2020-13:00:18.258702-3219,3221,3183,2556,164,154
12/01/2020-13:01:25.599626-3144,3149,3111,2556,166,155
12/01/2020-13:02:32.946060-3082,3083,3048,2556,167,150
12/01/2020-13:03:40.295057-3022,3025,2994,2556,164,149
12/01/2020-13:04:47.616042-2973,2976,2945,2557,166,148
12/01/2020-13:05:54.978582-2928,2930,2903,2556,163,155
12/01/2020-13:07:02.302062-2891,2893,2865,2557,165,149
12/01/2020-13:08:09.653186-2853,2857,2831,2557,168,156
12/01/2020-13:09:16.955653-2815,2817,2798,2557,166,156
12/01/2020-13:10:24.306404-2785,2785,2770,2557,168,154
12/01/2020-13:11:31.625032-2754,2759,2741,2557,164,153
12/01/2020-13:12:38.944062-2728,2730,2720,2557,168,155
12/01/2020-13:13:46.261383-2700,2702,2697,2557,164,149
12/01/2020-13:14:53.580576-2680,2680,2677,2557,168,155
12/01/2020-13:16:00.900576-2660,2658,2657,2557,168,146
12/01/2020-13:17:08.219583-2639,2638,2640,2557,166,154
12/01/2020-13:18:15.570717-2621,2623,2622,2557,163,156
12/01/2020-13:19:22.920685-2604,2605,2607,2556,168,154
12/01/2020-13:20:30.267537-2589,2589,2594,2556,168,150
12/01/2020-13:21:37.608018-2575,2575,2582,2556,164,154
12/01/2020-13:22:44.942665-2561,2561,2571,2555,164,152
12/01/2020-13:23:52.293943-2548,2549,2558,2556,166,144
12/01/2020-13:24:59.629257-2537,2538,2546,2556,168,151
12/01/2020-13:26:06.948254-2527,2527,2536,2556,167,155
12/01/2020-13:27:14.262375-2516,2516,2527,2556,164,149
12/01/2020-13:28:21.602506-2503,2503,2518,2556,164,146
12/01/2020-13:29:28.937592-2496,2494,2509,2555,168,145
12/01/2020-13:30:36.304111-2486,2485,2501,2555,167,152
12/01/2020-13:31:43.606901-2478,2477,2493,2555,165,147
12/01/2020-13:32:50.972995-2470,2470,2486,2555,164,151
12/01/2020-13:33:58.310131-2462,2462,2477,2555,168,156
12/01/2020-13:35:05.675997-2455,2455,2471,2555,166,147
12/01/2020-13:36:13.027866-2448,2447,2463,2555,168,155
12/01/2020-13:37:20.377779-2440,2439,2458,2555,168,146
12/01/2020-13:38:27.740934-2433,2433,2453,2555,167,146
12/01/2020-13:39:35.081674-2428,2429,2447,2555,165,146
12/01/2020-13:40:42.401264-2423,2422,2443,2555,164,153
12/01/2020-13:41:49.783361-2416,2416,2436,2554,164,150
12/01/2020-13:42:57.099281-2411,2411,2430,2553,164,151
12/01/2020-13:44:04.421257-2406,2407,2426,2553,168,146
12/01/2020-13:45:11.756015-2402,2401,2421,2553,166,155
12/01/2020-13:46:19.074902-2397,2397,2417,2554,163,155
12/01/2020-13:47:26.410523-2393,2392,2413,2554,165,154
12/01/2020-13:48:33.759829-2389,2389,2410,2553,168,146
12/01/2020-13:49:41.110363-2385,2385,2405,2552,168,153
12/01/2020-13:50:48.437057-2380,2380,2403,2552,164,156
12/01/2020-13:51:55.781008-2378,2376,2398,2552,165,154
12/01/2020-13:53:03.128773-2374,2374,2397,2552,164,148
12/01/2020-13:54:10.470669-2368,2369,2390,2553,168,155
12/01/2020-13:55:17.800404-2364,2364,2388,2553,169,154
12/01/2020-13:56:25.122330-2336,2337,2369,2552,168,149
12/01/2020-13:57:32.457722-2906,2900,2980,2552,167,150
12/01/2020-13:58:39.757739-3462,3461,3553,2552,167,151
12/01/2020-13:59:47.095630-3890,3888,3991,2553,163,143
12/01/2020-14:00:54.446426-4197,4196,4291,2554,167,152
12/01/2020-14:02:01.781403-4390,4388,4490,2554,162,151
12/01/2020-14:03:09.132416-4527,4527,4618,2553,163,150
12/01/2020-14:04:16.483357-4619,4620,4705,2554,166,138
12/01/2020-14:05:23.802598-4678,4679,4761,2554,162,145
12/01/2020-14:06:31.121329-4727,4728,4810,2554,165,141
12/01/2020-14:07:38.456246-4760,4762,4840,2554,165,141
12/01/2020-14:08:45.807204-4789,4792,4867,2555,163,141
12/01/2020-14:09:53.126121-4811,4812,4884,2556,166,150
12/01/2020-14:11:00.491773-4833,4833,4904,2556,163,146
12/01/2020-14:12:07.827571-4581,4580,4637,2556,165,124
12/01/2020-14:13:15.131445-4358,4362,4391,2556,165,142
12/01/2020-14:14:22.451029-4166,4170,4170,2556,164,137
12/01/2020-14:15:29.814445-3978,3983,3968,2556,167,136
12/01/2020-14:16:37.169147-3815,3818,3790,2556,163,138
12/01/2020-14:17:44.504542-3673,3675,3632,2556,164,151
12/01/2020-14:18:51.822141-3544,3549,3508,2556,164,141
12/01/2020-14:19:59.156637-3438,3441,3396,2556,167,155
12/01/2020-14:21:06.477179-3340,3342,3301,2556,167,146
12/01/2020-14:22:13.842288-3256,3262,3216,2556,163,156
12/01/2020-14:23:21.190545-3181,3185,3146,2556,165,155
12/01/2020-14:24:28.511986-3114,3115,3086,2556,167,155
12/01/2020-14:25:35.864335-3055,3059,3030,2556,168,151
12/01/2020-14:26:43.211554-3005,3008,2982,2555,168,156
12/01/2020-14:27:50.581769-2961,2963,2935,2556,163,145
12/01/2020-14:28:57.914924-2915,2917,2897,2556,163,149
12/01/2020-14:30:05.250591-2878,2881,2865,2555,167,155
12/01/2020-14:31:12.588712-2846,2848,2831,2556,166,155
12/01/2020-14:32:19.923478-2814,2815,2803,2555,168,155
12/01/2020-14:33:27.261075-2784,2785,2776,2556,166,148
12/01/2020-14:34:34.594664-2758,2760,2751,2556,168,155
12/01/2020-14:35:41.930126-2732,2733,2732,2556,164,155
12/01/2020-14:36:49.265731-2713,2709,2711,2555,167,155
12/01/2020-14:37:56.582794-2691,2690,2691,2555,163,156
12/01/2020-14:39:03.919206-2672,2670,2675,2555,167,155
12/01/2020-14:40:11.254530-2654,2654,2657,2555,168,152
12/01/2020-14:41:18.555976-2636,2636,2643,2555,169,155
12/01/2020-14:42:25.909144-2619,2621,2626,2555,169,155
12/01/2020-14:43:33.256215-2606,2606,2612,2554,167,153
12/01/2020-14:44:40.587134-2592,2592,2601,2555,168,150
12/01/2020-14:45:47.949034-2579,2578,2590,2554,168,155
12/01/2020-14:46:55.281671-2567,2565,2579,2554,167,154
12/01/2020-14:48:02.627794-2555,2556,2567,2554,167,147
12/01/2020-14:49:09.968057-2544,2543,2557,2555,167,155
12/01/2020-14:50:17.273787-2534,2534,2548,2554,165,154
12/01/2020-14:51:24.588247-2525,2525,2538,2554,167,146
12/01/2020-14:52:31.937043-2515,2514,2530,2553,167,148
12/01/2020-14:53:39.324340-2507,2507,2523,2553,169,150
12/01/2020-14:54:46.668589-2498,2498,2514,2554,163,152
12/01/2020-14:55:54.009550-2489,2490,2508,2553,166,149
12/01/2020-14:57:01.328329-2484,2484,2500,2553,168,155
12/01/2020-14:58:08.662825-2478,2477,2494,2552,167,156
12/01/2020-14:59:16.020196-2470,2470,2488,2552,166,152
12/01/2020-15:00:23.350297-2462,2463,2482,2552,166,149
12/01/2020-15:01:30.685879-2456,2457,2476,2552,163,153
12/01/2020-15:02:38.004543-2452,2450,2471,2552,164,152
12/01/2020-15:03:45.306621-2446,2444,2465,2552,166,147
12/01/2020-15:04:52.688611-2439,2439,2461,2552,165,145
12/01/2020-15:06:00.044038-2433,2433,2454,2552,167,156
12/01/2020-15:07:07.383463-2428,2429,2449,2552,168,154
12/01/2020-15:08:14.727655-2423,2423,2444,2551,165,151
12/01/2020-15:09:22.061042-2418,2418,2440,2551,168,146
12/01/2020-15:10:29.421613-2415,2413,2435,2551,168,151
12/01/2020-15:11:36.733101-2410,2409,2430,2551,164,155
12/01/2020-15:12:44.066730-2406,2406,2425,2551,168,150
12/01/2020-15:13:51.403561-2401,2401,2422,2551,168,152
12/01/2020-15:14:58.742174-2398,2398,2417,2551,169,155
12/01/2020-15:16:06.087983-2393,2393,2415,2551,166,151
12/01/2020-15:17:13.450229-2389,2389,2411,2550,166,154
12/01/2020-15:18:20.806273-2386,2385,2407,2550,168,154
12/01/2020-15:19:28.142398-2382,2383,2403,2550,168,155
12/01/2020-15:20:35.455915-2378,2377,2400,2550,168,155
12/01/2020-15:21:42.806982-2798,2799,2865,2550,166,155
12/01/2020-15:22:50.131284-3367,3363,3453,2550,166,153
12/01/2020-15:23:57.498994-3822,3818,3921,2551,166,155
12/01/2020-15:25:04.833806-4148,4149,4248,2550,167,137
12/01/2020-15:26:12.168006-4363,4362,4456,2550,163,153
12/01/2020-15:27:19.495299-4509,4508,4598,2552,166,151
12/01/2020-15:28:26.869261-4601,4600,4692,2552,166,145
12/01/2020-15:29:34.215598-4670,4672,4754,2552,165,134
12/01/2020-15:30:41.582176-4722,4723,4805,2552,161,137
12/01/2020-15:31:48.938901-4759,4759,4837,2552,163,139
12/01/2020-15:32:56.256558-4786,4787,4861,2553,164,146
12/01/2020-15:34:03.640351-4806,4807,4881,2553,162,151
12/01/2020-15:35:10.975795-4828,4829,4901,2553,165,150
12/01/2020-15:36:18.326728-4834,4837,4908,2553,165,146
12/01/2020-15:37:25.645693-4690,4692,4755,2553,163,151
12/01/2020-15:38:32.980697-4425,4429,4463,2553,166,125
12/01/2020-15:39:40.347599-4237,4239,4244,2554,165,151
12/01/2020-15:40:47.682415-4047,4053,4034,2554,167,131
12/01/2020-15:41:55.031021-3874,3879,3855,2553,166,153
12/01/2020-15:43:02.367995-3728,3728,3693,2553,165,151
12/01/2020-15:44:09.711831-3600,3605,3558,2553,166,152
12/01/2020-15:45:17.081985-3486,3486,3443,2553,167,154
12/01/2020-15:46:24.436055-3383,3386,3348,2553,167,143
12/01/2020-15:47:31.803143-3302,3301,3258,2553,164,155
12/01/2020-15:48:39.137725-3221,3225,3185,2552,167,144
12/01/2020-15:49:46.488728-3155,3155,3119,2553,168,156
12/01/2020-15:50:53.808075-3093,3095,3069,2552,163,153
12/01/2020-15:52:01.155969-3044,3044,3015,2552,164,152
12/01/2020-15:53:08.491984-2996,2998,2971,2552,166,156
12/01/2020-15:54:15.843540-2949,2951,2931,2552,167,151
12/01/2020-15:55:23.208809-2908,2908,2896,2552,165,154
12/01/2020-15:56:30.512764-2874,2876,2861,2553,164,148
12/01/2020-15:57:37.847458-2840,2844,2830,2552,168,151
12/01/2020-15:58:45.198779-2813,2815,2805,2553,168,152
12/01/2020-15:59:52.517472-2787,2789,2780,2552,168,156
12/01/2020-16:00:59.868609-2761,2763,2758,2553,167,153
12/01/2020-16:02:07.214738-2735,2738,2736,2552,166,155
12/01/2020-16:03:14.554391-2714,2717,2717,2553,166,152
12/01/2020-16:04:21.871942-2697,2694,2699,2552,167,155
12/01/2020-16:05:29.240427-2678,2680,2682,2552,163,156
12/01/2020-16:06:36.584477-2661,2661,2666,2552,165,154
12/01/2020-16:07:43.892522-2645,2644,2652,2552,166,145
12/01/2020-16:08:51.213153-2632,2628,2640,2552,168,148
12/01/2020-16:09:58.548173-2617,2616,2625,2552,163,146
12/01/2020-16:11:05.914937-2602,2602,2613,2552,162,151
12/01/2020-16:12:13.280087-2591,2590,2602,2552,163,155
12/01/2020-16:13:20.617709-2577,2578,2590,2551,166,149
12/01/2020-16:14:27.948137-2565,2566,2580,2551,162,152
12/01/2020-16:15:35.286617-2556,2557,2569,2551,168,154
12/01/2020-16:16:42.652414-2547,2547,2559,2551,168,155
12/01/2020-16:17:50.000711-2536,2536,2553,2551,169,153
12/01/2020-16:18:57.335202-2527,2527,2543,2551,163,148
12/01/2020-16:20:04.689770-2519,2518,2535,2551,162,147
12/01/2020-16:21:12.021005-2511,2509,2527,2550,169,156
12/01/2020-16:22:19.374822-2502,2502,2520,2550,168,152
12/01/2020-16:23:26.694234-2493,2494,2513,2550,168,147
12/01/2020-16:24:34.029701-2487,2486,2507,2550,165,155
12/01/2020-16:25:41.361868-2479,2480,2499,2550,161,154
12/01/2020-16:26:48.699320-2473,2472,2493,2550,168,155
12/01/2020-16:27:56.064484-2466,2466,2486,2550,168,156
12/01/2020-16:29:03.393485-2461,2459,2481,2550,165,150
12/01/2020-16:30:10.733626-2453,2454,2475,2549,165,153
12/01/2020-16:31:18.071019-2448,2448,2468,2549,166,147
12/01/2020-16:32:25.389966-2443,2441,2464,2548,165,156
12/01/2020-16:33:32.729759-2437,2435,2459,2549,168,149
12/01/2020-16:34:40.059927-2431,2431,2454,2548,168,150
12/01/2020-16:35:47.410697-2425,2426,2450,2548,165,155
12/01/2020-16:36:54.745444-2423,2422,2446,2548,165,154
12/01/2020-16:38:02.046674-2590,2589,2647,2548,164,155
12/01/2020-16:39:09.378725-3161,3157,3248,2548,166,150
12/01/2020-16:40:16.697427-3669,3663,3765,2549,167,148
12/01/2020-16:41:24.020972-4043,4042,4141,2549,163,151
12/01/2020-16:42:31.340249-4300,4299,4397,2550,166,151
12/01/2020-16:43:38.658615-4469,4472,4563,2549,164,149
12/01/2020-16:44:45.978282-4579,4579,4669,2550,165,152
12/01/2020-16:45:53.313053-4663,4662,4747,2550,164,150
12/01/2020-16:47:00.618255-4717,4719,4799,2550,163,146
12/01/2020-16:48:07.967069-4753,4755,4834,2550,162,136
12/01/2020-16:49:15.301871-4787,4788,4864,2550,161,127
12/01/2020-16:50:22.632715-4808,4807,4884,2551,163,150
12/01/2020-16:51:29.986740-4830,4830,4904,2551,165,149
12/01/2020-16:52:37.338593-4848,4849,4919,2551,164,136
12/01/2020-16:53:44.639590-4857,4859,4931,2552,162,150
12/01/2020-16:54:51.960136-4627,4628,4683,2552,162,140
12/01/2020-16:55:59.308634-4400,4403,4430,2551,165,152
12/01/2020-16:57:06.649567-4207,4208,4215,2552,163,153
12/01/2020-16:58:13.964712-4022,4031,4009,2552,166,147
12/01/2020-16:59:21.299792-3861,3867,3831,2551,163,135
12/01/2020-17:00:28.608185-3715,3720,3680,2551,166,143
12/01/2020-17:01:35.921612-3588,3591,3553,2551,164,142
12/01/2020-17:02:43.286929-3476,3479,3444,2551,162,149
12/01/2020-17:03:50.622710-3383,3384,3344,2551,167,153
12/01/2020-17:04:57.974822-3297,3298,3264,2551,166,147
12/01/2020-17:06:05.316629-3224,3227,3187,2550,167,143
12/01/2020-17:07:12.640916-3157,3159,3127,2550,165,154
12/01/2020-17:08:19.964063-3100,3100,3072,2550,168,145
12/01/2020-17:09:27.314738-3046,3047,3023,2551,166,149
12/01/2020-17:10:34.693867-2999,3002,2981,2551,164,152
12/01/2020-17:11:42.032375-2957,2960,2941,2551,168,151
12/01/2020-17:12:49.369904-2924,2926,2904,2551,169,147
12/01/2020-17:13:56.717416-2891,2893,2874,2551,167,153
12/01/2020-17:15:04.052736-2859,2861,2844,2551,163,148
12/01/2020-17:16:11.389052-2830,2832,2818,2551,166,156
12/01/2020-17:17:18.721259-2802,2805,2791,2550,166,147
12/01/2020-17:18:26.056985-2778,2780,2771,2550,167,156
12/01/2020-17:19:33.376097-2755,2756,2750,2550,165,157
12/01/2020-17:20:40.743799-2735,2735,2729,2550,168,154
12/01/2020-17:21:48.078619-2716,2715,2713,2550,164,155
12/01/2020-17:22:55.429308-2696,2697,2695,2550,164,154
12/01/2020-17:24:02.763946-2678,2680,2679,2550,168,156
12/01/2020-17:25:10.114640-2661,2663,2662,2550,164,155
12/01/2020-17:26:17.459612-2645,2645,2651,2550,168,154
12/01/2020-17:27:24.815038-2629,2632,2635,2549,168,156
12/01/2020-17:28:32.150971-2618,2616,2624,2549,168,153
12/01/2020-17:29:39.485956-2605,2605,2612,2549,168,146
12/01/2020-17:30:46.852780-2595,2594,2600,2549,165,155
12/01/2020-17:31:54.183877-2582,2580,2591,2548,168,155
12/01/2020-17:33:01.521831-2570,2571,2581,2548,168,154
12/01/2020-17:34:08.870589-2560,2561,2572,2548,163,155
12/01/2020-17:35:16.192240-2548,2549,2561,2548,166,145
12/01/2020-17:36:23.492994-2541,2543,2552,2548,168,156
12/01/2020-17:37:30.859484-2536,2536,2546,2548,169,155
12/01/2020-17:38:38.211878-2601,2599,2640,2548,165,146
12/01/2020-17:39:45.563845-3152,3149,3230,2548,168,150
12/01/2020-17:40:52.946215-3668,3663,3757,2548,163,155
12/01/2020-17:42:00.281030-4044,4041,4141,2549,167,154
12/01/2020-17:43:07.615562-4302,4299,4398,2549,163,151
12/01/2020-17:44:14.940310-4480,4480,4570,2548,167,136
12/01/2020-17:45:22.285611-4587,4587,4679,2549,166,134
12/01/2020-17:46:29.634589-4673,4672,4759,2549,163,140
12/01/2020-17:47:36.987337-4727,4728,4810,2549,163,145
12/01/2020-17:48:44.332300-4770,4772,4849,2550,166,150
12/01/2020-17:49:51.673041-4801,4803,4881,2550,163,134
12/01/2020-17:50:59.007932-4823,4823,4897,2550,162,145
12/01/2020-17:52:06.341313-4844,4845,4917,2550,165,144
12/01/2020-17:53:13.660460-4758,4759,4824,2550,165,150
12/01/2020-17:54:20.994177-4470,4473,4507,2550,166,152
12/01/2020-17:55:28.381593-4279,4286,4300,2550,165,152
12/01/2020-17:56:35.714309-4093,4093,4092,2550,165,130
12/01/2020-17:57:43.049168-3920,3925,3902,2550,167,154
12/01/2020-17:58:50.430967-3770,3776,3742,2550,167,154
12/01/2020-17:59:57.782620-3644,3644,3603,2549,167,139
12/01/2020-18:01:05.133704-3527,3531,3492,2549,166,150
12/01/2020-18:02:12.483941-3426,3431,3389,2549,167,155
12/01/2020-18:03:19.817580-3337,3338,3303,2549,168,153
12/01/2020-18:04:27.137216-3256,3261,3231,2549,168,155
12/01/2020-18:05:34.456274-3192,3190,3164,2549,165,150
12/01/2020-18:06:41.808053-3130,3128,3107,2549,168,144
12/01/2020-18:07:49.157669-3079,3081,3056,2549,167,149
12/01/2020-18:08:56.478190-3028,3030,3010,2549,166,147
12/01/2020-18:10:03.793715-2985,2986,2968,2549,168,153
12/01/2020-18:11:11.147616-2948,2950,2930,2549,166,156
12/01/2020-18:12:18.464673-2908,2912,2897,2549,166,156
12/01/2020-18:13:25.817977-2881,2882,2867,2548,168,148
12/01/2020-18:14:33.134434-2849,2853,2840,2548,167,156
12/01/2020-18:15:40.485965-2826,2827,2816,2547,165,156
12/01/2020-18:16:47.819971-2801,2802,2793,2548,163,152
12/01/2020-18:17:55.140278-2775,2777,2771,2548,164,156
12/01/2020-18:19:02.459350-2752,2754,2749,2547,167,155
12/01/2020-18:20:09.794442-2735,2738,2732,2548,168,148
12/01/2020-18:21:17.144285-2711,2715,2714,2548,167,156
12/01/2020-18:22:24.511814-2702,2703,2701,2548,169,150
12/01/2020-18:23:31.926357-2684,2686,2684,2548,169,155
12/01/2020-18:24:39.277663-2662,2661,2669,2547,165,151
12/01/2020-18:25:46.626886-2644,2641,2655,2547,164,152
12/01/2020-18:26:53.961417-2630,2629,2642,2547,164,149
12/01/2020-18:28:01.344700-2615,2618,2626,2547,164,152
12/01/2020-18:29:08.696203-2603,2603,2617,2547,166,152
12/01/2020-18:30:16.014385-2591,2591,2607,2546,168,153
12/01/2020-18:31:23.396507-2579,2583,2594,2546,166,145
12/01/2020-18:32:30.715944-2570,2569,2588,2546,165,154
12/01/2020-18:33:38.050363-2560,2561,2579,2546,164,156
12/01/2020-18:34:45.385208-2552,2551,2571,2546,168,153
12/01/2020-18:35:52.767846-2749,2748,2796,2546,164,155
12/01/2020-18:37:00.135059-3292,3291,3378,2546,163,153
12/01/2020-18:38:07.453532-3777,3774,3869,2546,167,155
12/01/2020-18:39:14.801589-4126,4125,4222,2547,163,131
12/01/2020-18:40:22.138805-4360,4358,4456,2546,164,152
12/01/2020-18:41:29.458289-4523,4522,4613,2547,165,152
12/01/2020-18:42:36.761233-4627,4627,4714,2547,164,151
12/01/2020-18:43:44.105157-4696,4696,4781,2548,165,145
12/01/2020-18:44:51.433486-4751,4752,4831,2548,162,148
12/01/2020-18:45:58.734331-4786,4786,4862,2548,164,150
12/01/2020-18:47:06.076971-4818,4817,4894,2548,163,137
12/01/2020-18:48:13.448023-4834,4835,4908,2548,162,128
12/01/2020-18:49:20.751236-4818,4819,4889,2548,164,135
12/01/2020-18:50:28.090641-4495,4497,4546,2548,163,137
12/01/2020-18:51:35.424769-4328,4333,4353,2548,163,131
12/01/2020-18:52:42.729040-4134,4141,4141,2549,166,131
12/01/2020-18:53:50.108185-3966,3965,3946,2548,166,154
12/01/2020-18:54:57.429330-3801,3807,3784,2548,164,151
12/01/2020-18:56:04.749288-3666,3674,3641,2548,163,137
12/01/2020-18:57:12.051805-3557,3557,3514,2547,167,155
12/01/2020-18:58:19.388053-3450,3453,3416,2547,167,152
12/01/2020-18:59:26.744378-3361,3359,3325,2547,163,142
12/01/2020-19:00:34.074139-3281,3285,3249,2547,167,153
12/01/2020-19:01:41.441049-3212,3213,3181,2547,166,156
12/01/2020-19:02:48.759717-3152,3154,3119,2547,168,155
12/01/2020-19:03:56.110663-3095,3099,3070,2547,165,156
12/01/2020-19:05:03.445412-3044,3044,3023,2546,168,147
12/01/2020-19:06:10.764740-3003,3004,2980,2546,165,156
12/01/2020-19:07:18.130081-2961,2962,2944,2547,167,147
12/01/2020-19:08:25.449793-2925,2927,2907,2547,164,155
12/01/2020-19:09:32.785201-2889,2891,2879,2546,167,144
12/01/2020-19:10:40.101140-2856,2857,2854,2547,167,156
12/01/2020-19:11:47.469272-2829,2829,2827,2547,161,155
12/01/2020-19:12:54.835956-2802,2804,2802,2545,167,155
12/01/2020-19:14:02.181848-2779,2781,2779,2546,166,155
12/01/2020-19:15:09.522060-2757,2758,2762,2545,164,156
12/01/2020-19:16:16.865040-2735,2737,2740,2546,167,145
12/01/2020-19:17:24.195953-2718,2717,2724,2546,166,155
12/01/2020-19:18:31.559013-2700,2699,2709,2546,168,144
12/01/2020-19:19:38.892777-2682,2684,2692,2546,167,155
12/01/2020-19:20:46.221251-2666,2668,2677,2546,166,156
12/01/2020-19:21:53.576220-2654,2654,2664,2546,167,151
12/01/2020-19:23:00.929741-2638,2639,2652,2545,167,155
12/01/2020-19:24:08.264446-2626,2627,2640,2545,165,155
12/01/2020-19:25:15.565211-2612,2613,2628,2545,166,155
12/01/2020-19:26:22.901975-2601,2602,2617,2544,168,145
12/01/2020-19:27:30.200697-2590,2591,2608,2544,164,150
12/01/2020-19:28:37.539507-2581,2578,2598,2544,168,155
12/01/2020-19:41:29.295666-2524,2525,2545,2543,164,154
12/01/2020-19:47:35.874619-4802,4804,4878,2545,161,145
12/01/2020-19:48:43.240852-4826,4826,4902,2546,165,150
12/01/2020-19:49:50.607636-4605,4608,4666,2545,166,144
12/01/2020-19:50:57.941005-4383,4387,4414,2545,164,150
12/01/2020-19:52:05.276670-4183,4186,4207,2545,163,152
12/01/2020-19:53:12.659467-4007,4012,3995,2545,165,143
12/01/2020-19:54:20.006193-3845,3848,3822,2545,164,144
12/01/2020-19:55:27.360575-3700,3702,3671,2545,167,155
12/01/2020-19:56:34.688817-3577,3583,3546,2545,163,146
12/01/2020-19:57:42.033459-3473,3479,3433,2545,164,147
12/01/2020-19:58:49.383166-3376,3381,3342,2545,164,152
12/01/2020-19:59:56.735577-3295,3299,3260,2544,165,155
12/01/2020-20:01:04.070414-3224,3226,3187,2544,163,149
12/01/2020-20:02:11.390243-3155,3160,3127,2544,166,155
12/01/2020-20:03:18.741393-3102,3104,3071,2544,165,155
12/01/2020-20:04:26.057797-3053,3055,3024,2543,166,155
12/01/2020-20:05:33.410053-3002,3005,2982,2544,163,155
12/01/2020-20:06:40.757600-2961,2962,2942,2543,165,153
12/01/2020-20:07:48.095600-2921,2923,2906,2543,164,155
12/01/2020-20:08:55.448237-2890,2893,2875,2543,168,156
12/01/2020-20:10:02.830128-2857,2859,2848,2543,163,151
12/01/2020-20:11:10.181825-2830,2832,2823,2544,164,153
12/01/2020-20:12:17.500246-2805,2807,2797,2544,168,155
12/01/2020-20:13:24.852506-2780,2782,2777,2543,167,155
12/01/2020-20:14:32.230678-2757,2759,2754,2543,168,147
12/01/2020-20:15:39.570298-2736,2739,2735,2543,166,155
12/01/2020-20:16:46.935145-2717,2720,2718,2543,164,145
12/01/2020-20:17:54.303554-2701,2700,2702,2543,168,147
12/01/2020-20:19:01.662747-2682,2682,2685,2543,164,146
12/01/2020-20:20:09.009474-2665,2666,2670,2543,165,156
12/01/2020-20:21:16.339889-2645,2647,2656,2542,166,155
12/01/2020-20:22:23.675384-2631,2633,2643,2542,167,147
12/01/2020-20:23:31.040953-2618,2620,2633,2542,164,155
12/01/2020-20:24:38.392607-2607,2606,2621,2542,168,155
12/01/2020-20:25:45.759567-2595,2594,2611,2542,164,146
12/01/2020-20:26:53.110573-2584,2583,2599,2542,166,156
12/01/2020-20:28:00.477581-2573,2573,2591,2542,167,152
12/01/2020-20:29:07.861473-2563,2563,2582,2541,168,144
12/01/2020-20:30:15.259326-2554,2554,2572,2541,166,144
12/01/2020-20:31:22.578789-2546,2544,2564,2540,164,153
12/01/2020-20:32:29.977397-2537,2537,2555,2541,168,155
12/01/2020-20:33:37.344759-2529,2529,2549,2540,169,150
12/01/2020-20:34:44.695706-2521,2522,2541,2540,168,149
12/01/2020-20:35:52.061912-2514,2513,2534,2540,169,155
12/01/2020-20:36:59.445377-2506,2505,2528,2540,166,154
12/01/2020-20:38:06.828346-2815,2812,2878,2540,168,151
12/01/2020-20:39:14.163585-3374,3370,3463,2540,166,146
12/01/2020-20:40:21.513745-3842,3836,3939,2541,166,140
12/01/2020-20:41:28.865310-4170,4167,4268,2540,167,154
12/01/2020-20:42:36.231275-4388,4389,4483,2541,163,143
12/01/2020-20:43:43.582995-4533,4532,4627,2541,164,151
12/01/2020-20:44:50.964260-4635,4637,4726,2542,166,128
12/01/2020-20:45:58.332827-4702,4703,4786,2542,164,133
12/01/2020-20:47:05.714177-4753,4755,4837,2542,162,144
12/01/2020-20:48:13.097666-4789,4789,4870,2542,163,126
12/01/2020-20:49:20.433139-4817,4817,4894,2542,161,150
12/01/2020-20:50:27.799704-4837,4839,4911,2542,163,137
12/01/2020-20:51:35.182563-4813,4813,4884,2542,166,148
12/01/2020-20:52:42.501595-4495,4500,4542,2542,163,152
12/01/2020-20:53:49.867831-4322,4328,4344,2543,163,151
12/01/2020-20:54:57.235235-4127,4127,4137,2543,161,148
12/01/2020-20:56:04.635420-3953,3958,3941,2543,166,133
12/01/2020-20:57:12.002180-3801,3807,3771,2542,166,154
12/01/2020-20:58:19.400846-3662,3664,3632,2542,166,150
12/01/2020-20:59:26.766664-3542,3546,3512,2542,168,150
12/01/2020-21:00:34.134576-3439,3440,3405,2542,167,150
12/01/2020-21:01:41.500428-3352,3357,3317,2542,163,155
12/01/2020-21:02:48.884187-3272,3275,3241,2541,166,154
12/01/2020-21:03:56.236091-3203,3203,3172,2541,168,155
12/01/2020-21:05:03.571071-3140,3142,3113,2541,167,155
12/01/2020-21:06:10.936103-3082,3085,3061,2541,164,154
12/01/2020-21:07:18.336010-3034,3039,3015,2541,165,156
12/01/2020-21:08:25.670787-2992,2993,2973,2541,168,153
12/01/2020-21:09:33.037366-2949,2952,2935,2542,168,147
12/01/2020-21:10:40.388428-2912,2914,2900,2542,164,155
12/01/2020-21:11:47.740476-2881,2882,2869,2541,166,153
12/01/2020-21:12:55.107011-2848,2849,2842,2541,166,150
12/01/2020-21:14:02.457210-2819,2821,2816,2541,164,156
12/01/2020-21:15:09.824525-2793,2794,2793,2540,165,154
12/01/2020-21:16:17.159861-2770,2772,2770,2541,163,157
12/01/2020-21:17:24.526437-2748,2749,2749,2540,164,153
12/01/2020-21:18:31.892549-2949,2947,2994,2541,168,147
12/01/2020-21:19:39.260644-3466,3465,3545,2540,168,147
12/01/2020-21:20:46.643406-3904,3900,3995,2541,167,149
12/01/2020-21:21:53.994954-4215,4215,4312,2542,164,143
12/01/2020-21:23:01.361263-4429,4431,4522,2541,163,150
12/01/2020-21:24:08.713062-4570,4570,4663,2542,166,149
12/01/2020-21:25:16.079679-4670,4669,4753,2542,161,142
12/01/2020-21:26:23.445536-4734,4733,4817,2542,163,148
12/01/2020-21:27:30.781109-4776,4779,4856,2542,162,141
12/01/2020-21:28:38.131441-4813,4811,4888,2542,165,133
12/01/2020-21:29:45.467806-4839,4839,4913,2543,165,142
12/01/2020-21:30:52.833785-4860,4860,4932,2543,165,149
12/01/2020-21:32:00.169011-4877,4877,4950,2543,165,129
12/01/2020-21:33:07.536849-4886,4889,4960,2544,164,128
12/01/2020-21:34:14.887697-4896,4899,4969,2543,163,145
12/01/2020-21:35:22.269396-4914,4912,4983,2543,164,148
12/01/2020-21:36:29.638257-4920,4919,4988,2543,164,147
12/01/2020-21:37:37.021397-4926,4929,4994,2543,161,150
12/01/2020-21:38:44.372815-4940,4940,5001,2544,164,150
12/01/2020-21:39:51.739914-4944,4944,5010,2544,164,149
12/01/2020-21:40:59.106873-4952,4953,5018,2545,161,140
12/01/2020-21:42:06.458658-4777,4779,4838,2544,165,149
12/01/2020-21:43:13.792754-4542,4543,4562,2544,164,140
12/01/2020-21:44:21.143775-4350,4356,4358,2544,162,149
12/01/2020-21:45:28.510705-4176,4182,4157,2545,165,139
12/01/2020-21:46:35.877671-4013,4016,3984,2545,164,154
12/01/2020-21:47:43.243829-3863,3867,3838,2545,166,135
12/01/2020-21:48:50.579777-3740,3746,3704,2544,166,138
12/01/2020-21:49:57.930412-3627,3632,3593,2544,165,150
12/01/2020-21:51:05.314183-3529,3530,3496,2544,165,141
12/01/2020-21:52:12.681016-3449,3449,3414,2544,167,156
12/01/2020-21:53:20.031218-3376,3379,3341,2544,167,155
12/01/2020-21:54:27.416099-3309,3313,3278,2543,168,155
12/01/2020-21:55:34.783189-3246,3251,3220,2543,167,144
12/01/2020-21:56:42.166445-3193,3195,3171,2543,163,154
12/01/2020-21:57:49.500649-3145,3146,3128,2543,165,156
12/01/2020-21:58:56.836965-3102,3104,3086,2543,167,155
12/01/2020-22:00:04.203155-3061,3063,3048,2543,167,156
12/01/2020-22:01:11.554783-3025,3027,3014,2543,168,152
12/01/2020-22:02:18.936793-2992,2994,2985,2544,168,150
12/01/2020-22:03:26.319289-2963,2967,2957,2544,169,155
12/01/2020-22:04:33.688134-2965,2964,2993,2543,167,155
12/01/2020-22:05:41.038992-3451,3449,3515,2543,168,143
12/01/2020-22:06:48.438421-3893,3890,3979,2543,163,143
12/01/2020-22:07:55.804238-4226,4224,4315,2544,162,153
12/01/2020-22:09:03.156580-4459,4458,4548,2544,167,147
12/01/2020-22:10:10.555188-4605,4605,4697,2544,166,139
12/01/2020-22:11:17.906973-4714,4712,4800,2544,163,124
12/01/2020-22:12:25.273855-4777,4776,4861,2545,162,151
12/01/2020-22:13:32.656409-4830,4830,4907,2545,161,133
12/01/2020-22:14:40.039621-4861,4862,4939,2544,162,129
12/01/2020-22:15:47.374632-4887,4886,4961,2545,163,142
12/01/2020-22:16:54.741687-4907,4907,4983,2544,163,124
12/01/2020-22:18:02.123797-4923,4923,5000,2546,162,150
12/01/2020-22:19:09.490425-4940,4940,5010,2546,163,127
12/01/2020-22:20:16.856859-4947,4949,5020,2545,163,149
12/01/2020-22:21:24.240196-4956,4956,5025,2545,162,138
12/01/2020-22:22:31.591695-4969,4969,5036,2545,163,125
12/01/2020-22:23:38.943047-4973,4974,5040,2545,163,148
12/01/2020-22:24:46.294714-4717,4720,4769,2546,164,135
12/01/2020-22:25:53.646427-4524,4531,4546,2546,165,121
12/01/2020-22:27:00.981677-4339,4347,4335,2546,166,147
12/01/2020-22:28:08.348839-4162,4165,4153,2546,164,152
12/01/2020-22:29:15.700213-4008,4013,3984,2546,166,151
12/01/2020-22:30:23.066975-3864,3867,3840,2545,166,155
12/01/2020-22:31:30.416880-3749,3752,3712,2545,167,136
12/01/2020-22:32:37.786179-3642,3642,3607,2545,166,145
12/01/2020-22:33:45.153272-3550,3552,3515,2545,168,154
12/01/2020-22:34:52.519600-3465,3470,3436,2545,163,141
12/01/2020-22:35:59.904173-3396,3398,3366,2545,168,152
12/01/2020-22:37:07.271783-3333,3336,3304,2544,168,155
12/01/2020-22:38:14.622935-3276,3279,3249,2544,161,155
12/01/2020-22:39:22.006323-3228,3231,3204,2544,161,151
12/01/2020-22:40:29.372338-3180,3183,3159,2544,163,145
12/01/2020-22:41:36.709059-3142,3145,3119,2543,166,144
12/01/2020-22:42:44.075450-3100,3103,3082,2543,164,152
12/01/2020-22:43:51.458683-3065,3067,3051,2543,168,143
12/01/2020-22:44:58.841442-3032,3034,3020,2543,162,152
12/01/2020-22:46:06.192967-3003,3004,2992,2543,165,149
12/01/2020-22:47:13.544247-2973,2975,2968,2543,164,155
12/01/2020-22:48:20.864164-2950,2952,2943,2543,165,155
12/01/2020-22:49:28.199873-2924,2925,2922,2543,168,151
12/01/2020-22:50:35.582245-2902,2904,2901,2543,168,156
12/01/2020-22:51:42.965237-2881,2882,2882,2542,165,155
12/01/2020-22:52:50.348384-2864,2865,2862,2542,166,155
12/01/2020-22:53:57.730901-3065,3064,3114,2542,167,156
12/01/2020-22:55:05.098874-3578,3568,3649,2543,167,152
12/01/2020-22:56:12.481781-3995,3995,4088,2543,163,155
12/01/2020-22:57:19.880088-4303,4301,4396,2543,166,138
12/01/2020-22:58:27.247070-4509,4507,4600,2543,164,148
12/01/2020-22:59:34.614108-4637,4638,4731,2544,166,149
12/01/2020-23:00:41.997711-4733,4733,4823,2544,166,127
12/01/2020-23:01:49.380436-4801,4803,4882,2544,160,147
12/01/2020-23:02:56.747948-4844,4846,4922,2543,164,138
12/01/2020-23:04:04.114762-4880,4880,4955,2543,163,151
12/01/2020-23:05:11.466671-4903,4906,4978,2543,166,151
12/01/2020-23:06:18.817450-4926,4928,4998,2543,165,145
12/01/2020-23:07:26.184671-4943,4945,5013,2543,165,149
12/01/2020-23:08:33.536946-4956,4956,5026,2544,165,135
12/01/2020-23:09:40.919894-4963,4968,5034,2544,161,148
12/01/2020-23:10:48.270519-4975,4977,5044,2544,162,135
12/01/2020-23:11:55.654341-4724,4726,4783,2544,161,141
12/01/2020-23:13:03.020174-4527,4533,4551,2544,164,125
12/01/2020-23:14:10.388151-4335,4342,4346,2544,161,127
12/01/2020-23:15:17.740126-4166,4172,4150,2545,160,141
12/01/2020-23:16:25.091946-4006,4012,3982,2545,167,133
12/01/2020-23:17:32.472803-3868,3870,3836,2544,162,145
12/01/2020-23:18:39.856753-3745,3751,3712,2543,167,150
12/01/2020-23:19:47.224928-3639,3646,3601,2543,160,156
12/01/2020-23:20:54.575281-3542,3548,3508,2543,167,155
12/01/2020-23:22:01.911404-3463,3467,3428,2543,167,141
12/01/2020-23:23:09.278362-3391,3397,3357,2543,166,156
12/01/2020-23:24:16.645647-3327,3330,3296,2543,164,149
12/01/2020-23:25:24.012792-3268,3272,3242,2542,159,148
