12/01/2020-00:22:39.694714-4458,4456,4260,2681,137,131
12/01/2020-00:23:47.061678-4382,4381,4226,2681,140,133
12/01/2020-00:24:54.428774-4259,4259,4102,2681,142,136
12/01/2020-00:26:01.796366-4123,4120,3961,2681,140,134
12/01/2020-00:27:09.146711-3983,3981,3824,2682,139,127
12/01/2020-00:28:16.498968-3859,3859,3693,2681,145,133
12/01/2020-00:29:23.833381-3746,3743,3583,2681,144,135
12/01/2020-00:30:31.201164-3639,3638,3488,2682,140,134
12/01/2020-00:31:38.583986-3545,3544,3404,2682,140,131
12/01/2020-00:32:45.935048-3465,3464,3332,2682,145,127
12/01/2020-00:33:53.286807-3393,3390,3268,2682,143,127
12/01/2020-00:35:00.669417-3328,3326,3212,2682,141,138
12/01/2020-00:36:08.069396-3269,3269,3163,2682,141,123
12/01/2020-00:37:15.436387-3217,3217,3118,2682,143,127
12/01/2020-00:38:22.835604-3169,3169,3077,2683,139,129
12/01/2020-00:39:30.185856-3127,3126,3040,2682,140,131
12/01/2020-00:40:37.569829-3088,3089,3008,2683,142,133
12/01/2020-00:41:44.935630-3054,3053,2978,2682,146,137
12/01/2020-00:42:52.302429-3019,3018,2950,2683,139,128
12/01/2020-00:43:59.669789-3001,3013,2969,2682,139,134
12/01/2020-00:45:07.036963-3766,3777,3880,2682,142,135
12/01/2020-00:46:14.403595-4323,4331,4453,2682,137,131
12/01/2020-00:47:21.818471-4674,4678,4789,2682,140,133
12/01/2020-00:48:29.184706-4890,4893,4988,2682,139,129
12/01/2020-00:49:36.551489-5022,5024,5103,2682,138,130
12/01/2020-00:50:43.918653-5115,5115,5178,2682,136,130
12/01/2020-00:51:51.268255-5173,5174,5228,2682,135,130
12/01/2020-00:52:58.668325-5219,5221,5265,2682,139,128
12/01/2020-00:54:05.987555-5254,5254,5293,2682,135,130
12/01/2020-00:55:13.354300-5277,5277,5312,2682,136,132
12/01/2020-00:56:20.689994-5299,5299,5325,2682,138,129
12/01/2020-00:57:28.056782-5316,5317,5340,2681,138,131
12/01/2020-00:58:35.423845-5325,5325,5348,2683,137,131
12/01/2020-00:59:42.790033-5337,5336,5357,2683,139,128
12/01/2020-01:00:50.140454-5347,5347,5365,2683,138,130
12/01/2020-01:01:57.493189-5356,5356,5373,2682,139,130
12/01/2020-01:03:04.859922-5367,5366,5383,2683,137,128
12/01/2020-01:04:12.227274-5228,5219,5203,2683,139,131
12/01/2020-01:05:19.594033-4835,4832,4743,2683,141,130
12/01/2020-01:06:26.961748-4690,4687,4572,2683,142,130
12/01/2020-01:07:34.327578-4514,4511,4377,2683,142,136
12/01/2020-01:08:41.679407-4341,4339,4191,2684,142,134
12/01/2020-01:09:49.014290-4179,4178,4023,2684,144,134
12/01/2020-01:10:56.381938-4034,4027,3880,2684,141,134
12/01/2020-01:12:03.716554-3906,3905,3749,2685,140,129
12/01/2020-01:13:11.100041-3791,3790,3637,2685,140,129
12/01/2020-01:14:18.434842-3686,3683,3543,2686,141,129
12/01/2020-01:15:25.802297-3597,3596,3460,2686,143,127
12/01/2020-01:16:33.169246-3518,3517,3391,2686,144,139
12/01/2020-01:17:40.505226-3447,3445,3327,2687,137,134
12/01/2020-01:18:47.887459-3384,3383,3270,2687,146,136
12/01/2020-01:19:55.254973-3328,3326,3221,2687,143,129
12/01/2020-01:21:02.622374-3276,3275,3179,2687,141,137
12/01/2020-01:22:09.989717-3229,3228,3139,2687,144,128
12/01/2020-01:23:17.356953-3189,3187,3106,2687,144,134
12/01/2020-01:24:24.708585-3151,3150,3074,2687,138,122
12/01/2020-01:25:32.059066-3116,3116,3045,2687,146,137
12/01/2020-01:26:39.458550-3084,3084,3016,2687,141,137
12/01/2020-01:27:46.810570-3055,3055,2990,2687,142,126
12/01/2020-01:28:54.177526-3026,3026,2968,2687,142,128
12/01/2020-01:30:01.544171-3001,3002,2945,2687,146,136
12/01/2020-01:31:08.880145-2978,2978,2926,2687,145,137
12/01/2020-01:32:16.246481-2957,2956,2906,2687,141,120
12/01/2020-01:33:23.614419-2936,2935,2888,2687,141,137
12/01/2020-01:34:30.981078-2916,2915,2872,2686,144,131
12/01/2020-01:35:38.347994-2898,2897,2855,2687,146,132
12/01/2020-01:36:45.714269-2879,2879,2838,2686,141,127
12/01/2020-01:37:53.065979-3516,3529,3631,2686,146,137
12/01/2020-01:39:00.433903-4157,4168,4301,2686,140,127
12/01/2020-01:40:07.801612-4580,4586,4710,2686,139,132
12/01/2020-01:41:15.167179-4835,4838,4942,2686,137,129
12/01/2020-01:42:22.519049-4997,4999,5085,2685,135,129
12/01/2020-01:43:29.870157-5098,5100,5170,2685,138,129
12/01/2020-01:44:37.221785-5170,5170,5231,2685,136,127
12/01/2020-01:45:44.604514-5220,5221,5269,2685,139,131
12/01/2020-01:46:51.939460-5257,5258,5302,2685,138,127
12/01/2020-01:47:59.306158-5287,5286,5323,2685,137,128
12/01/2020-01:49:06.673458-5311,5311,5341,2685,138,131
12/01/2020-01:50:14.039748-5328,5327,5357,2685,137,131
12/01/2020-01:51:21.391414-5341,5342,5364,2685,136,131
12/01/2020-01:52:28.788859-5356,5356,5378,2685,135,131
12/01/2020-01:53:36.157286-5363,5363,5383,2685,138,128
12/01/2020-01:54:43.507567-5373,5374,5395,2685,136,131
12/01/2020-01:55:50.858525-5292,5286,5281,2685,136,130
12/01/2020-01:56:58.209961-4866,4862,4786,2685,140,128
12/01/2020-01:58:05.593170-4728,4725,4615,2685,139,132
12/01/2020-01:59:13.008352-4555,4551,4420,2686,139,127
12/01/2020-02:00:20.358303-4380,4378,4231,2686,139,129
12/01/2020-02:01:27.742692-4217,4217,4061,2687,140,127
12/01/2020-02:02:35.078151-4069,4065,3913,2686,139,128
12/01/2020-02:03:42.445155-3935,3935,3782,2687,142,135
12/01/2020-02:04:49.828425-3820,3818,3667,2687,142,136
12/01/2020-02:05:57.195765-3716,3716,3570,2688,141,125
12/01/2020-02:07:04.547236-3626,3626,3489,2687,143,135
12/01/2020-02:08:11.898360-3545,3545,3418,2688,140,136
12/01/2020-02:09:19.234545-3474,3474,3353,2688,146,131
12/01/2020-02:10:26.569104-3412,3412,3300,2688,142,132
12/01/2020-02:11:33.936275-3354,3354,3249,2688,139,126
12/01/2020-02:12:41.304010-3304,3302,3207,2688,143,123
12/01/2020-02:13:48.655804-3257,3257,3167,2688,145,126
12/01/2020-02:14:55.991028-3216,3215,3132,2688,142,137
12/01/2020-02:16:03.342140-3177,3177,3099,2687,146,140
12/01/2020-02:17:10.693434-3141,3141,3068,2687,140,125
12/01/2020-02:18:18.045416-3109,3108,3041,2687,139,124
12/01/2020-02:19:25.411363-3080,3080,3017,2687,143,125
12/01/2020-02:20:32.763564-3054,3053,2992,2687,141,125
12/01/2020-02:21:40.129088-3028,3027,2970,2687,146,127
12/01/2020-02:22:47.498140-3004,3003,2949,2687,144,127
12/01/2020-02:23:54.881074-2980,2980,2930,2687,138,132
12/01/2020-02:25:02.248792-2959,2959,2911,2687,143,136
12/01/2020-02:26:09.631640-2938,2939,2893,2687,141,126
12/01/2020-02:27:17.031409-2918,2918,2877,2687,142,125
12/01/2020-02:28:24.383213-2901,2900,2859,2688,142,131
12/01/2020-02:29:31.749990-2883,2883,2844,2687,141,136
12/01/2020-02:30:39.117556-2866,2866,2830,2688,140,132
12/01/2020-02:31:46.453490-2850,2850,2815,2687,145,139
12/01/2020-02:32:53.819506-2835,2834,2802,2687,139,138
12/01/2020-02:34:01.204017-2821,2820,2788,2687,142,139
12/01/2020-02:35:08.570692-2810,2808,2776,2687,142,138
12/01/2020-02:36:15.937999-2796,2796,2764,2687,145,122
12/01/2020-02:37:23.288053-2783,2783,2754,2687,143,120
12/01/2020-02:38:30.655419-3029,3042,3097,2686,143,133
12/01/2020-02:39:38.007605-3816,3825,3963,2685,138,126
12/01/2020-02:40:45.359193-4361,4369,4505,2686,141,129
12/01/2020-02:41:52.741802-4696,4701,4822,2685,140,131
12/01/2020-02:43:00.092880-4908,4911,5011,2684,140,129
12/01/2020-02:44:07.460933-5040,5042,5125,2684,138,131
12/01/2020-02:45:14.828169-5128,5130,5197,2684,136,130
12/01/2020-02:46:22.179909-5188,5190,5245,2684,140,128
12/01/2020-02:47:29.499471-5235,5237,5283,2684,137,130
12/01/2020-02:48:36.818962-5268,5269,5309,2684,139,131
12/01/2020-02:49:44.153918-5298,5299,5332,2684,139,131
12/01/2020-02:50:51.489674-5318,5317,5345,2684,135,131
12/01/2020-02:51:58.888933-5332,5333,5361,2684,138,129
12/01/2020-02:53:06.272492-5350,5349,5373,2684,138,130
12/01/2020-02:54:13.623527-5361,5363,5382,2684,135,130
12/01/2020-02:55:20.974736-5369,5368,5389,2684,137,131
12/01/2020-02:56:28.373860-5118,5109,5077,2684,135,130
12/01/2020-02:57:35.725568-4811,4808,4712,2684,138,128
12/01/2020-02:58:43.093739-4651,4649,4531,2684,141,130
12/01/2020-02:59:50.411954-4472,4470,4336,2685,141,133
12/01/2020-03:00:57.795787-4299,4297,4152,2684,139,130
12/01/2020-03:02:05.194580-4137,4138,3987,2685,143,130
12/01/2020-03:03:12.562927-3994,3997,3847,2685,144,136
12/01/2020-03:04:19.914629-3870,3872,3718,2686,141,135
12/01/2020-03:05:27.265505-3762,3761,3612,2686,155,138
12/01/2020-03:06:34.602802-3662,3660,3522,2686,157,136
12/01/2020-03:07:41.952021-3577,3577,3443,2686,158,145
12/01/2020-03:08:49.251687-3501,3502,3375,2686,158,140
12/01/2020-03:09:56.606756-3432,3432,3315,2686,158,139
12/01/2020-03:11:03.973750-3373,3373,3263,2686,158,137
12/01/2020-03:12:11.311001-3319,3319,3217,2686,157,139
12/01/2020-03:13:18.629323-3270,3270,3175,2686,154,142
12/01/2020-03:14:25.962796-3225,3226,3138,2686,158,137
12/01/2020-03:15:33.315965-3185,3185,3105,2686,158,134
12/01/2020-03:16:40.655736-3148,3148,3073,2686,156,134
12/01/2020-03:17:48.002953-3115,3114,3045,2686,158,147
12/01/2020-03:18:55.320808-3084,3084,3019,2686,158,134
12/01/2020-03:20:02.669019-3055,3055,2994,2686,159,131
12/01/2020-03:21:10.056760-3029,3028,2970,2686,157,145
12/01/2020-03:22:17.405859-3004,3004,2949,2686,157,144
12/01/2020-03:23:24.759560-2981,2980,2928,2685,156,134
12/01/2020-03:24:32.062875-2958,2958,2908,2685,158,140
12/01/2020-03:25:39.398277-2938,2938,2890,2685,155,133
12/01/2020-03:26:46.730306-2919,2918,2873,2685,159,139
12/01/2020-03:27:54.132322-2899,2898,2856,2685,158,139
12/01/2020-03:29:01.484691-2881,2880,2842,2685,158,142
12/01/2020-03:30:08.788275-2865,2866,2827,2685,156,135
12/01/2020-03:31:16.171394-2849,2850,2813,2685,157,148
12/01/2020-03:32:23.506702-2835,2833,2799,2686,159,147
12/01/2020-03:33:30.842202-2819,2819,2786,2685,159,134
12/01/2020-03:34:38.209508-2806,2806,2774,2685,158,136
12/01/2020-03:35:45.575044-2794,2793,2761,2685,156,141
12/01/2020-03:36:52.927842-2779,2778,2749,2685,157,137
12/01/2020-03:38:00.295237-2768,2768,2740,2685,156,135
12/01/2020-03:39:07.635179-2757,2755,2729,2685,158,142
12/01/2020-03:40:14.965212-2745,2745,2719,2684,158,143
12/01/2020-03:41:22.301020-2736,2735,2709,2684,159,141
12/01/2020-03:42:29.636611-2726,2725,2700,2684,158,149
12/01/2020-03:43:37.003356-3503,3517,3636,2684,157,135
12/01/2020-03:44:44.306907-4157,4164,4307,2682,157,137
12/01/2020-03:45:51.644284-4570,4576,4705,2682,155,143
12/01/2020-03:46:58.976069-4825,4828,4936,2682,155,142
12/01/2020-03:48:06.342029-4982,4985,5075,2682,153,142
12/01/2020-03:49:13.705920-5089,5091,5162,2682,152,141
12/01/2020-03:50:21.048007-5161,5166,5225,2682,153,141
12/01/2020-03:51:28.401526-5213,5215,5265,2682,152,139
12/01/2020-03:52:35.727236-5251,5250,5296,2682,154,141
12/01/2020-03:53:43.049561-5279,5282,5316,2682,152,141
12/01/2020-03:54:50.373079-5303,5303,5335,2682,154,139
12/01/2020-03:55:57.711533-5322,5322,5350,2682,153,140
12/01/2020-03:57:05.043886-5337,5336,5361,2682,152,140
12/01/2020-03:58:12.373301-5350,5349,5373,2682,152,140
12/01/2020-03:59:19.729508-5362,5361,5383,2682,151,137
12/01/2020-04:00:27.094526-5341,5339,5349,2682,152,138
12/01/2020-04:01:34.448971-4889,4880,4810,2682,154,143
12/01/2020-04:02:41.752693-4748,4744,4638,2681,154,141
12/01/2020-04:03:49.054236-4570,4568,4442,2682,153,138
12/01/2020-04:04:56.387828-4393,4392,4246,2682,154,138
12/01/2020-04:06:03.725609-4225,4223,4071,2682,156,138
12/01/2020-04:07:11.091954-4073,4073,3912,2682,156,140
12/01/2020-04:08:18.445204-3932,3931,3782,2682,156,143
12/01/2020-04:09:25.787928-3816,3816,3663,2683,156,145
12/01/2020-04:10:33.164036-3711,3710,3563,2683,156,146
12/01/2020-04:11:40.466697-3617,3615,3478,2683,156,146
12/01/2020-04:12:47.802501-3534,3534,3404,2684,156,139
12/01/2020-04:13:55.170410-3463,3461,3340,2683,156,146
12/01/2020-04:15:02.537452-3397,3396,3284,2683,157,138
12/01/2020-04:16:09.920966-3338,3337,3233,2684,157,134
12/01/2020-04:17:17.271997-3288,3288,3189,2684,157,148
12/01/2020-04:18:24.623528-3241,3241,3151,2684,158,143
12/01/2020-04:19:31.967676-3198,3199,3114,2683,158,147
12/01/2020-04:20:39.325528-3160,3159,3081,2683,157,138
12/01/2020-04:21:46.709025-3124,3122,3050,2683,159,147
12/01/2020-04:22:54.088403-3090,3090,3022,2683,156,135
12/01/2020-04:24:01.414215-3062,3062,2996,2683,158,146
12/01/2020-04:25:08.731161-3033,3034,2972,2682,157,137
12/01/2020-04:26:16.097534-3008,3006,2951,2683,156,139
12/01/2020-04:27:23.445510-2983,2982,2928,2683,159,140
12/01/2020-04:28:30.812315-2960,2960,2910,2683,157,133
12/01/2020-04:29:38.180551-2938,2938,2893,2683,159,136
12/01/2020-04:30:45.520572-2919,2918,2873,2682,157,143
12/01/2020-04:31:52.854464-2899,2899,2856,2683,156,145
12/01/2020-04:33:00.237050-2881,2880,2839,2684,157,145
12/01/2020-04:34:07.587104-2865,2863,2825,2683,159,136
12/01/2020-04:35:14.923923-2847,2846,2810,2683,158,148
12/01/2020-04:36:22.262329-2831,2831,2795,2682,158,140
12/01/2020-04:37:29.592066-2817,2816,2783,2683,158,149
12/01/2020-04:38:36.914613-2803,2803,2772,2683,157,140
12/01/2020-04:39:44.249371-2790,2790,2761,2682,156,132
12/01/2020-04:40:51.557908-2778,2777,2749,2682,158,149
12/01/2020-04:41:58.903844-2766,2765,2738,2682,159,134
12/01/2020-04:43:06.205847-2756,2755,2727,2682,158,150
12/01/2020-04:44:13.568073-2745,2746,2718,2682,157,134
12/01/2020-04:45:20.892822-2735,2734,2708,2682,156,148
12/01/2020-04:46:28.260350-2724,2725,2700,2682,158,132
12/01/2020-04:47:35.599066-2715,2715,2690,2681,160,148
12/01/2020-04:48:42.927263-2950,2961,3022,2681,157,143
12/01/2020-04:49:50.251812-3757,3769,3910,2680,156,146
12/01/2020-04:50:57.596327-4320,4327,4469,2680,156,143
12/01/2020-04:52:04.949312-4669,4674,4797,2679,155,140
12/01/2020-04:53:12.313583-4882,4886,4988,2679,155,143
12/01/2020-04:54:19.669836-5023,5025,5108,2679,153,139
12/01/2020-04:55:27.034847-5115,5116,5183,2679,152,138
12/01/2020-04:56:34.419278-5176,5177,5233,2679,153,139
12/01/2020-04:57:41.756230-5225,5225,5273,2679,153,141
12/01/2020-04:58:49.093760-5260,5261,5302,2679,153,142
12/01/2020-04:59:56.462132-5286,5286,5320,2679,152,141
12/01/2020-05:01:03.808371-5306,5307,5338,2679,153,141
12/01/2020-05:02:11.123499-5325,5324,5351,2679,152,139
12/01/2020-05:03:18.493196-5338,5337,5363,2679,153,140
12/01/2020-05:04:25.820659-5351,5353,5374,2679,151,140
12/01/2020-05:05:33.134685-5363,5363,5385,2679,152,140
12/01/2020-05:06:40.470220-5281,5275,5271,2679,153,140
12/01/2020-05:07:47.835882-4849,4846,4772,2679,154,141
12/01/2020-05:08:55.198953-4711,4708,4598,2679,154,139
12/01/2020-05:10:02.555692-4535,4531,4400,2680,156,140
12/01/2020-05:11:09.922555-4357,4353,4209,2679,155,139
12/01/2020-05:12:17.226392-4190,4192,4036,2679,156,145
12/01/2020-05:13:24.578708-4043,4042,3890,2679,156,144
12/01/2020-05:14:31.912914-3907,3909,3759,2680,157,145
12/01/2020-05:15:39.249937-3795,3795,3644,2680,158,145
12/01/2020-05:16:46.645970-3692,3693,3547,2680,158,145
12/01/2020-05:17:53.971929-3599,3598,3463,2680,155,137
12/01/2020-05:19:01.285405-3518,3518,3392,2680,158,137
12/01/2020-05:20:08.605979-3448,3448,3328,2681,157,143
12/01/2020-05:21:15.935504-3385,3384,3272,2680,157,145
12/01/2020-05:22:23.293455-3326,3327,3224,2680,156,137
12/01/2020-05:23:30.613613-3277,3278,3179,2680,155,145
12/01/2020-05:24:37.962823-3230,3231,3138,2680,155,146
12/01/2020-05:25:45.297157-3186,3187,3103,2680,158,139
12/01/2020-05:26:52.649077-3148,3147,3069,2680,158,147
12/01/2020-05:28:00.011863-3111,3112,3039,2680,158,146
12/01/2020-05:29:07.367895-3080,3080,3012,2680,157,144
12/01/2020-05:30:14.686999-3050,3051,2986,2680,156,138
12/01/2020-05:31:21.990133-3024,3023,2962,2680,156,147
12/01/2020-05:32:29.331759-2996,2997,2941,2680,159,149
12/01/2020-05:33:36.658956-2974,2972,2919,2681,158,146
12/01/2020-05:34:43.994142-2950,2950,2901,2680,156,146
12/01/2020-05:35:51.358659-2929,2930,2882,2680,157,143
12/01/2020-05:36:58.713796-2907,2906,2863,2680,156,145
12/01/2020-05:38:06.078371-2889,2888,2846,2680,158,148
12/01/2020-05:39:13.433246-2872,2871,2830,2680,156,143
12/01/2020-05:40:20.760254-2854,2855,2816,2680,158,132
12/01/2020-05:41:28.103353-2837,2837,2800,2680,157,132
12/01/2020-05:42:35.438187-2822,2821,2786,2680,159,145
12/01/2020-05:43:42.769520-2807,2806,2770,2679,158,139
12/01/2020-05:44:50.124967-2793,2792,2758,2679,156,134
12/01/2020-05:45:57.490692-2779,2778,2747,2679,159,132
12/01/2020-05:47:04.841318-2768,2767,2736,2679,159,149
12/01/2020-05:48:12.148973-2755,2755,2726,2679,157,149
12/01/2020-05:49:19.497363-2744,2744,2716,2679,159,144
12/01/2020-05:50:26.848307-2735,2734,2707,2679,157,139
12/01/2020-05:51:34.201771-2724,2724,2697,2678,158,128
12/01/2020-05:52:41.540010-2713,2713,2689,2678,158,140
12/01/2020-05:53:48.890465-2868,2879,2923,2678,158,131
12/01/2020-05:54:56.280735-3686,3702,3840,2677,157,145
12/01/2020-05:56:03.636033-4277,4287,4429,2678,156,144
12/01/2020-05:57:10.996793-4647,4651,4777,2677,156,140
12/01/2020-05:58:18.348634-4872,4875,4981,2676,154,138
12/01/2020-05:59:25.705953-5018,5018,5105,2677,152,140
12/01/2020-06:00:33.057251-5112,5115,5184,2677,154,141
12/01/2020-06:01:40.397244-5178,5179,5238,2677,152,141
12/01/2020-06:02:47.744039-5225,5225,5273,2677,153,138
12/01/2020-06:03:55.045691-5261,5261,5302,2677,153,141
12/01/2020-06:05:02.378200-5287,5287,5323,2677,153,142
12/01/2020-06:06:09.702580-5310,5311,5342,2677,153,139
12/01/2020-06:07:17.068493-5328,5327,5357,2677,154,141
12/01/2020-06:08:24.403291-5341,5343,5365,2677,152,141
12/01/2020-06:09:31.755834-5359,5356,5379,2677,152,138
12/01/2020-06:10:39.092750-5367,5368,5386,2677,154,141
12/01/2020-06:11:46.423727-5376,5376,5395,2676,153,142
12/01/2020-06:12:53.743460-5119,5112,5077,2676,153,143
12/01/2020-06:14:01.096798-4813,4810,4715,2677,155,141
12/01/2020-06:15:08.448091-4652,4648,4529,2676,154,143
12/01/2020-06:16:15.786989-4470,4468,4331,2677,154,139
12/01/2020-06:17:23.166495-4297,4295,4146,2677,156,139
12/01/2020-06:18:30.532664-4137,4142,3976,2677,155,142
12/01/2020-06:19:37.874060-3989,3990,3842,2677,155,139
12/01/2020-06:20:45.265217-3869,3867,3712,2677,154,138
12/01/2020-06:21:52.619861-3757,3756,3608,2677,156,143
12/01/2020-06:22:59.985790-3657,3656,3516,2677,156,138
12/01/2020-06:24:07.315041-3571,3571,3435,2678,156,138
12/01/2020-06:25:14.640619-3494,3494,3367,2678,158,138
12/01/2020-06:26:21.973815-3426,3425,3305,2678,156,146
12/01/2020-06:27:29.328675-3362,3362,3253,2678,155,140
12/01/2020-06:28:36.679820-3309,3308,3207,2678,158,146
12/01/2020-06:29:44.047503-3260,3259,3166,2678,158,132
12/01/2020-06:30:51.398470-3217,3216,3129,2678,158,148
12/01/2020-06:31:58.765463-3176,3175,3094,2678,158,147
12/01/2020-06:33:06.128659-3139,3138,3064,2678,158,147
12/01/2020-06:34:13.497061-3105,3105,3036,2678,157,143
12/01/2020-06:35:20.860791-3076,3075,3008,2678,158,148
12/01/2020-06:36:28.193472-3045,3046,2985,2679,158,147
12/01/2020-06:37:35.553375-3018,3018,2961,2678,156,146
12/01/2020-06:38:42.889027-2993,2993,2939,2678,157,134
12/01/2020-06:39:50.238802-2969,2968,2917,2677,157,149
12/01/2020-06:40:57.558993-2947,2947,2899,2677,159,145
12/01/2020-06:42:04.902652-2926,2927,2881,2677,159,145
12/01/2020-06:43:12.228936-2908,2906,2863,2677,158,130
12/01/2020-06:44:19.559766-2887,2887,2846,2678,157,133
12/01/2020-06:45:26.926737-2870,2870,2830,2677,158,140
12/01/2020-06:46:34.219200-2853,2853,2816,2678,159,148
12/01/2020-06:47:41.565299-2838,2837,2801,2678,156,143
12/01/2020-06:48:48.921432-2824,2823,2787,2677,159,145
12/01/2020-06:49:56.264947-2808,2807,2774,2677,157,139
12/01/2020-06:51:03.592087-2793,2793,2762,2677,157,140
12/01/2020-06:52:10.927095-2780,2781,2751,2677,159,148
12/01/2020-06:53:18.246204-2768,2768,2739,2677,159,135
12/01/2020-06:54:25.613126-2757,2756,2729,2677,157,148
12/01/2020-06:55:32.977815-2745,2745,2717,2677,158,147
12/01/2020-06:56:40.282489-2735,2734,2708,2676,157,148
12/01/2020-06:57:47.634328-2723,2724,2699,2676,158,143
12/01/2020-06:58:54.979132-3118,3132,3212,2676,157,144
12/01/2020-07:00:02.290162-3886,3900,4027,2676,156,145
12/01/2020-07:01:09.625294-4402,4407,4548,2676,157,143
12/01/2020-07:02:16.992356-4723,4726,4849,2675,154,140
12/01/2020-07:03:24.295710-4922,4925,5025,2674,153,142
12/01/2020-07:04:31.630383-5050,5052,5135,2674,153,141
12/01/2020-07:05:38.965471-5136,5138,5206,2674,154,140
12/01/2020-07:06:46.317966-5196,5198,5252,2675,151,140
12/01/2020-07:07:53.637683-5241,5242,5289,2674,153,140
12/01/2020-07:09:00.986998-5274,5275,5313,2674,153,139
12/01/2020-07:10:08.339521-5299,5298,5331,2674,153,142
12/01/2020-07:11:15.706911-5317,5315,5345,2674,152,141
12/01/2020-07:12:23.068573-5333,5334,5358,2674,151,141
12/01/2020-07:13:30.425337-5347,5349,5370,2674,152,140
12/01/2020-07:14:37.760184-5360,5360,5380,2673,154,140
12/01/2020-07:15:45.090900-5370,5370,5390,2674,152,140
12/01/2020-07:16:52.415153-5216,5209,5188,2674,153,139
12/01/2020-07:17:59.782458-4839,4836,4749,2675,153,143
12/01/2020-07:19:07.148803-4689,4685,4569,2674,155,140
12/01/2020-07:20:14.500921-4507,4504,4372,2675,155,142
12/01/2020-07:21:21.864256-4330,4329,4180,2675,157,137
12/01/2020-07:22:29.219416-4169,4166,4015,2675,154,138
12/01/2020-07:23:36.570992-4027,4024,3864,2675,154,139
12/01/2020-07:24:43.937501-3891,3895,3737,2675,156,140
12/01/2020-07:25:51.244948-3779,3779,3625,2675,156,145
12/01/2020-07:26:58.606976-3678,3676,3535,2675,157,137
12/01/2020-07:28:05.943832-3590,3588,3453,2675,155,138
12/01/2020-07:29:13.284182-3509,3507,3381,2676,158,145
12/01/2020-07:30:20.609027-3439,3439,3320,2676,157,138
12/01/2020-07:31:27.933652-3376,3376,3265,2676,156,146
12/01/2020-07:32:35.276462-3321,3321,3217,2676,156,133
12/01/2020-07:33:42.636886-3271,3271,3176,2676,158,139
12/01/2020-07:34:50.004438-3226,3226,3136,2676,156,138
12/01/2020-07:35:57.336786-3183,3182,3101,2676,158,146
12/01/2020-07:37:04.658751-3147,3146,3069,2676,156,133
12/01/2020-07:38:11.994330-3112,3113,3040,2676,158,147
12/01/2020-07:39:19.329459-3080,3080,3012,2676,157,132
12/01/2020-07:40:26.695000-3049,3048,2986,2676,157,146
12/01/2020-07:41:34.023685-3024,3023,2963,2676,156,147
12/01/2020-07:42:41.346158-2997,2998,2943,2676,159,148
12/01/2020-07:43:48.670482-2974,2973,2920,2675,156,146
12/01/2020-07:44:56.037679-2951,2950,2901,2675,158,147
12/01/2020-07:46:03.389854-2929,2929,2881,2675,159,139
12/01/2020-07:47:10.731244-2908,2908,2864,2675,155,145
12/01/2020-07:48:18.058651-2890,2889,2847,2675,155,146
12/01/2020-07:49:25.377246-2871,2871,2831,2675,156,148
12/01/2020-07:50:32.696210-2853,2853,2816,2675,157,130
12/01/2020-07:51:39.999978-2839,2838,2803,2675,158,139
12/01/2020-07:52:47.365445-2823,2823,2788,2675,159,133
12/01/2020-07:53:54.711173-2809,2808,2775,2675,158,138
12/01/2020-07:55:02.037085-2794,2794,2761,2675,159,144
12/01/2020-07:56:09.379578-2781,2780,2751,2675,159,149
12/01/2020-07:57:16.676762-2768,2768,2739,2675,158,132
12/01/2020-07:58:24.041530-2757,2756,2727,2675,158,132
12/01/2020-07:59:31.394480-2745,2744,2717,2674,159,148
12/01/2020-08:00:38.731386-2736,2734,2709,2674,156,139
12/01/2020-08:01:46.059392-2724,2724,2699,2674,156,145
12/01/2020-08:02:53.432598-2714,2713,2690,2674,158,136
12/01/2020-08:04:00.751930-2705,2704,2680,2674,158,148
12/01/2020-08:05:08.073124-3421,3436,3552,2674,156,145
12/01/2020-08:06:15.440807-4103,4111,4256,2673,155,142
12/01/2020-08:07:22.760303-4539,4542,4676,2672,155,143
12/01/2020-08:08:30.063714-4806,4812,4924,2672,154,138
12/01/2020-08:09:37.426505-4977,4979,5073,2671,152,138
12/01/2020-08:10:44.798711-5087,5087,5165,2671,153,141
12/01/2020-08:11:52.135700-5162,5163,5223,2671,153,139
12/01/2020-08:12:59.469101-5215,5215,5268,2671,153,138
12/01/2020-08:14:06.788484-5256,5256,5301,2671,152,138
12/01/2020-08:15:14.140160-5287,5288,5323,2671,153,139
12/01/2020-08:16:21.479153-5312,5311,5344,2671,153,137
12/01/2020-08:17:28.840906-5328,5327,5354,2671,154,142
12/01/2020-08:18:36.203653-5340,5340,5363,2671,152,141
12/01/2020-08:19:43.563658-5351,5352,5375,2671,152,141
12/01/2020-08:20:50.893827-5363,5363,5385,2671,152,140
12/01/2020-08:21:58.216660-5373,5373,5392,2671,152,141
12/01/2020-08:23:05.520177-5034,5024,4979,2671,153,140
12/01/2020-08:24:12.871388-4785,4782,4685,2672,155,139
12/01/2020-08:25:20.207410-4617,4613,4491,2673,154,143
12/01/2020-08:26:27.541767-4433,4431,4288,2673,154,144
12/01/2020-08:27:34.906531-4262,4257,4103,2672,154,142
12/01/2020-08:28:42.237360-4100,4098,3942,2673,155,146
12/01/2020-08:29:49.563460-3954,3958,3800,2673,156,139
12/01/2020-08:30:56.917527-3836,3833,3680,2673,155,142
12/01/2020-08:32:04.279538-3726,3725,3574,2673,156,146
12/01/2020-08:33:11.645733-3628,3628,3486,2674,156,135
12/01/2020-08:34:18.974216-3544,3542,3410,2674,159,142
12/01/2020-08:35:26.302473-3467,3467,3341,2674,157,146
12/01/2020-08:36:33.634295-3399,3399,3283,2674,154,143
12/01/2020-08:37:41.006269-3338,3338,3229,2674,157,148
12/01/2020-08:38:48.306464-3286,3286,3183,2674,157,145
12/01/2020-08:39:55.628503-3237,3237,3142,2673,157,132
12/01/2020-08:41:03.012017-3193,3193,3103,2674,155,148
12/01/2020-08:42:10.347599-3152,3153,3069,2673,158,140
12/01/2020-08:43:17.685322-3115,3113,3040,2673,156,145
12/01/2020-08:44:25.018266-3081,3081,3011,2673,158,133
12/01/2020-08:45:32.365114-3051,3051,2985,2673,159,146
12/01/2020-08:46:39.712329-3023,3023,2960,2673,156,137
12/01/2020-08:47:47.040172-2996,2997,2936,2673,156,145
12/01/2020-08:48:54.371903-2970,2969,2914,2673,156,134
12/01/2020-08:50:01.724368-2946,2946,2894,2673,155,148
12/01/2020-08:51:09.078098-2924,2925,2876,2673,155,144
12/01/2020-08:52:16.444048-2904,2904,2859,2673,154,147
12/01/2020-08:53:23.796945-2886,2885,2842,2672,155,142
12/01/2020-08:54:31.161011-2869,2868,2827,2673,159,148
12/01/2020-08:55:38.515449-2852,2851,2812,2673,159,143
12/01/2020-08:56:45.854101-2835,2834,2799,2673,157,149
12/01/2020-08:57:53.185372-2821,2821,2786,2673,158,149
12/01/2020-08:59:00.518725-2808,2808,2775,2673,155,141
12/01/2020-09:00:07.848159-2795,2793,2762,2672,157,133
12/01/2020-09:01:15.175947-2762,2762,2738,2672,156,143
12/01/2020-09:02:22.541349-2738,2738,2714,2672,155,138
12/01/2020-09:03:29.891683-2718,2717,2699,2672,153,143
12/01/2020-09:04:37.291627-2698,2697,2679,2672,158,129
12/01/2020-09:05:44.673680-2683,2682,2668,2671,157,138
12/01/2020-09:06:52.024461-2670,2668,2656,2671,158,144
12/01/2020-09:07:59.391606-2654,2655,2642,2671,157,133
12/01/2020-09:09:06.773823-2640,2640,2628,2671,158,130
12/01/2020-09:10:14.156620-2628,2628,2616,2671,158,148
12/01/2020-09:11:21.541480-2616,2615,2604,2671,153,128
12/01/2020-09:12:28.940498-2603,2603,2593,2671,156,143
12/01/2020-09:13:36.291430-2592,2592,2581,2670,158,127
12/01/2020-09:14:43.657406-3392,3406,3532,2670,157,142
12/01/2020-09:15:51.009884-4106,4115,4264,2669,155,135
12/01/2020-09:16:58.377030-4551,4555,4691,2668,153,140
12/01/2020-09:18:05.760155-4822,4823,4936,2668,151,140
12/01/2020-09:19:13.110210-4988,4990,5081,2668,152,140
12/01/2020-09:20:20.432195-5093,5095,5171,2668,151,139
12/01/2020-09:21:27.765862-5168,5170,5232,2668,152,136
12/01/2020-09:22:35.131521-5222,5223,5274,2668,152,137
12/01/2020-09:23:42.452537-5260,5261,5304,2668,150,140
12/01/2020-09:24:49.755946-5292,5293,5328,2668,151,141
12/01/2020-09:25:57.091153-5318,5317,5350,2668,152,138
12/01/2020-09:27:04.415726-5334,5336,5363,2668,150,140
12/01/2020-09:28:11.745767-5028,5020,4989,2668,151,141
12/01/2020-09:29:19.079415-4705,4702,4617,2668,152,141
12/01/2020-09:30:26.448928-4497,4493,4386,2669,152,142
12/01/2020-09:31:33.818888-4281,4280,4159,2669,153,138
12/01/2020-09:32:41.165414-4080,4080,3950,2669,154,143
12/01/2020-09:33:48.496530-3899,3896,3771,2669,157,140
12/01/2020-09:34:55.866293-3742,3743,3616,2669,157,140
12/01/2020-09:36:03.219668-3609,3608,3490,2669,155,134
12/01/2020-09:37:10.564620-3500,3499,3387,2670,155,136
12/01/2020-09:38:17.891390-3397,3396,3293,2670,155,146
12/01/2020-09:39:25.210289-3309,3307,3216,2670,157,144
12/01/2020-09:40:32.541761-3234,3233,3149,2670,155,142
12/01/2020-09:41:39.848763-3170,3170,3093,2670,155,139
12/01/2020-09:42:47.216183-3120,3118,3047,2670,159,135
12/01/2020-09:43:54.580060-3067,3067,3002,2670,157,141
12/01/2020-09:45:01.930837-3022,3021,2961,2671,159,145
12/01/2020-09:46:09.264622-2979,2977,2923,2670,155,148
12/01/2020-09:47:16.602462-2940,2939,2890,2670,158,138
12/01/2020-09:48:23.924304-2906,2905,2862,2671,157,146
12/01/2020-09:49:31.243422-2877,2876,2835,2670,156,129
12/01/2020-09:50:38.562577-2847,2846,2812,2670,156,140
12/01/2020-09:51:45.911482-2823,2822,2788,2670,154,142
12/01/2020-09:52:53.216030-2799,2798,2769,2670,157,148
12/01/2020-09:54:00.567933-2778,2777,2752,2670,156,130
12/01/2020-09:55:07.893870-2758,2758,2735,2670,155,146
12/01/2020-09:56:15.238976-2741,2742,2718,2670,157,148
12/01/2020-09:57:22.573582-2723,2724,2703,2670,155,141
12/01/2020-09:58:29.940600-2707,2706,2690,2670,158,132
12/01/2020-09:59:37.259202-2693,2693,2677,2670,158,148
12/01/2020-10:00:44.589646-2679,2678,2663,2670,156,147
12/01/2020-10:01:51.926365-2666,2665,2651,2670,154,148
12/01/2020-10:02:59.266118-2653,2654,2639,2669,158,149
12/01/2020-10:04:06.569065-2640,2639,2628,2669,155,141
12/01/2020-10:05:13.949413-2627,2627,2615,2669,158,140
12/01/2020-10:06:21.317046-2616,2615,2606,2669,155,134
12/01/2020-10:07:28.638618-2606,2605,2594,2669,156,133
12/01/2020-10:08:35.973652-2596,2595,2585,2669,158,148
12/01/2020-10:09:43.308537-2586,2585,2577,2669,159,129
12/01/2020-10:10:50.676031-2577,2575,2567,2669,157,139
12/01/2020-10:11:58.011424-2566,2566,2559,2669,158,131
12/01/2020-10:13:05.346382-2559,2558,2552,2668,158,143
12/01/2020-10:14:12.681627-2552,2551,2545,2668,158,147
12/01/2020-10:15:20.064786-2542,2541,2537,2667,156,137
12/01/2020-10:16:27.429796-2537,2536,2530,2667,156,141
12/01/2020-10:17:34.781350-2528,2527,2523,2667,157,140
12/01/2020-10:18:42.150225-2520,2519,2514,2667,158,127
12/01/2020-10:19:49.485384-2512,2512,2506,2667,158,139
12/01/2020-10:20:56.822688-2505,2504,2500,2667,158,148
12/01/2020-10:22:04.155858-2498,2498,2494,2667,158,140
12/01/2020-10:23:11.488616-2494,2492,2489,2666,156,149
12/01/2020-10:24:18.821811-2488,2487,2482,2666,158,131
12/01/2020-10:25:26.158165-2482,2481,2477,2667,158,141
12/01/2020-10:26:33.464925-2477,2475,2472,2666,155,148
12/01/2020-10:27:40.783677-2470,2471,2466,2666,158,129
12/01/2020-10:28:48.149796-2462,2462,2459,2666,158,145
12/01/2020-10:29:55.469871-2457,2457,2455,2665,159,148
12/01/2020-10:31:02.805044-2451,2451,2448,2665,156,140
12/01/2020-10:32:10.147439-2445,2445,2444,2665,157,150
12/01/2020-10:33:17.507597-2440,2440,2439,2665,155,132
12/01/2020-10:34:24.904399-2434,2434,2433,2665,155,148
12/01/2020-10:35:32.271883-2429,2429,2427,2666,158,130
12/01/2020-10:36:39.615186-2424,2423,2421,2665,156,145
12/01/2020-10:37:46.928067-2420,2418,2417,2664,156,149
12/01/2020-10:38:54.274154-2416,2413,2413,2664,157,148
12/01/2020-10:40:01.598589-2410,2409,2411,2664,158,131
12/01/2020-10:41:08.933264-2405,2404,2404,2664,156,147
12/01/2020-10:42:16.236260-2400,2400,2402,2663,156,129
12/01/2020-10:43:23.584995-2398,2395,2398,2663,157,128
12/01/2020-10:44:30.933795-2393,2393,2395,2663,154,123
12/01/2020-10:45:38.257071-2391,2389,2389,2663,156,124
12/01/2020-10:46:45.576124-2386,2385,2385,2662,158,135
12/01/2020-10:47:52.917776-2381,2380,2381,2663,157,134
12/01/2020-10:49:00.252314-2378,2377,2379,2663,156,150
12/01/2020-10:50:07.613803-2374,2374,2376,2662,157,147
12/01/2020-10:51:14.956322-2369,2369,2371,2663,158,128
12/01/2020-10:52:22.328111-2367,2367,2367,2662,158,144
12/01/2020-10:53:29.682640-2363,2362,2365,2662,156,126
12/01/2020-10:54:37.001422-2360,2360,2361,2662,157,139
12/01/2020-10:55:44.352669-2356,2355,2357,2662,157,146
12/01/2020-10:56:51.717472-2353,2353,2354,2662,156,146
12/01/2020-10:57:59.087061-2350,2349,2353,2661,155,138
12/01/2020-10:59:06.390410-2345,2344,2348,2661,157,124
12/01/2020-11:00:13.740472-2341,2340,2344,2661,158,123
12/01/2020-11:01:21.087377-2338,2338,2340,2661,157,130
12/01/2020-11:02:28.458881-2336,2334,2337,2661,157,125
12/01/2020-11:03:35.826858-2332,2330,2334,2661,156,149
12/01/2020-11:04:43.145124-2328,2329,2333,2660,156,147
12/01/2020-11:05:50.480035-2327,2325,2330,2660,155,147
12/01/2020-11:06:57.846281-2322,2321,2325,2660,159,145
12/01/2020-11:08:05.182455-2319,2319,2321,2660,158,128
12/01/2020-11:09:12.485222-2314,2314,2317,2660,155,138
12/01/2020-11:10:19.868364-2314,2314,2318,2660,155,122
12/01/2020-11:11:27.203251-2309,2310,2315,2659,156,140
12/01/2020-11:12:34.570128-2308,2307,2312,2659,158,150
12/01/2020-11:13:41.920651-2305,2304,2307,2659,157,126
12/01/2020-11:14:49.255843-2302,2302,2306,2659,158,150
12/01/2020-11:15:56.558297-2300,2297,2302,2659,157,138
12/01/2020-11:17:03.878066-2298,2293,2297,2659,159,137
12/01/2020-11:18:11.197230-2293,2292,2296,2659,159,128
12/01/2020-11:19:18.526238-2290,2291,2293,2659,159,126
12/01/2020-11:20:25.882939-2289,2287,2292,2659,155,149
12/01/2020-11:21:33.265249-2285,2284,2288,2658,156,133
12/01/2020-11:22:40.632686-2284,2282,2286,2658,158,123
12/01/2020-11:23:47.936150-2281,2279,2283,2658,159,150
12/01/2020-11:24:55.277497-2279,2276,2279,2658,156,127
12/01/2020-11:26:02.621923-2276,2275,2278,2658,156,125
12/01/2020-11:27:09.940951-2274,2272,2277,2658,158,146
12/01/2020-11:28:17.260117-2271,2270,2274,2657,159,148
12/01/2020-11:29:24.630525-2267,2268,2272,2657,160,149
12/01/2020-11:30:31.992221-2266,2264,2268,2657,158,130
12/01/2020-11:31:39.391253-2266,2262,2266,2657,157,149
12/01/2020-11:32:46.755667-2261,2260,2264,2657,159,147
12/01/2020-11:33:54.095390-2260,2256,2262,2657,156,150
12/01/2020-11:35:01.461563-2257,2256,2262,2657,156,151
12/01/2020-11:36:08.811277-2256,2252,2254,2656,156,145
12/01/2020-11:37:16.150902-2251,2250,2254,2656,156,150
12/01/2020-11:38:23.467078-2250,2249,2254,2656,160,147
12/01/2020-11:39:30.817839-2248,2246,2250,2656,158,150
12/01/2020-11:40:38.180734-2245,2245,2249,2656,158,148
12/01/2020-11:41:45.513940-2243,2243,2247,2656,159,150
12/01/2020-11:42:52.821697-2239,2239,2241,2655,159,150
12/01/2020-11:44:00.124816-2237,2236,2243,2655,158,149
12/01/2020-11:45:07.491167-2237,2235,2240,2655,157,144
12/01/2020-11:46:14.811598-2236,2235,2240,2655,159,148
12/01/2020-11:47:22.146102-2237,2233,2240,2655,159,150
12/01/2020-11:48:29.499988-2239,2235,2243,2655,159,150
12/01/2020-11:49:36.816371-2239,2239,2245,2655,157,150
12/01/2020-11:50:44.199349-2246,2245,2250,2655,159,150
12/01/2020-11:51:51.523044-2251,2250,2254,2655,158,150
12/01/2020-11:52:58.869482-2253,2254,2260,2654,158,143
12/01/2020-11:54:06.217928-2250,2250,2257,2654,159,147
12/01/2020-11:55:13.587007-2250,2245,2250,2654,158,143
12/01/2020-11:56:20.952361-2247,2245,2250,2654,158,146
12/01/2020-11:57:28.285061-2245,2244,2249,2654,159,124
12/01/2020-11:58:35.640658-2245,2240,2248,2654,158,150
12/01/2020-11:59:42.943585-2247,2245,2250,2654,159,148
12/01/2020-12:00:50.278435-2245,2246,2250,2654,159,143
12/01/2020-12:01:57.583242-2247,2248,2250,2654,157,150
12/01/2020-12:03:04.946355-2246,2246,2250,2653,159,127
12/01/2020-12:04:12.249297-2248,2245,2249,2653,160,127
12/01/2020-12:05:19.599725-2246,2246,2250,2653,157,143
12/01/2020-12:06:26.998557-2247,2245,2250,2653,160,145
12/01/2020-12:07:34.383529-2249,2245,2249,2653,159,146
12/01/2020-12:08:41.733374-2246,2246,2250,2653,157,150
12/01/2020-12:09:49.068753-2244,2245,2248,2653,156,147
12/01/2020-12:10:56.435168-2246,2246,2249,2653,158,129
12/01/2020-12:12:03.787247-2246,2245,2249,2652,158,132
12/01/2020-12:13:11.137169-2247,2247,2250,2653,158,127
12/01/2020-12:14:18.473062-2247,2244,2246,2653,160,142
12/01/2020-12:15:25.807994-2243,2245,2248,2652,158,140
12/01/2020-12:16:33.187480-2241,2239,2242,2652,159,131
12/01/2020-12:17:40.509481-2240,2236,2241,2652,158,126
12/01/2020-12:18:47.875244-2240,2240,2243,2651,157,149
12/01/2020-12:19:55.229628-2238,2235,2240,2652,158,125
12/01/2020-12:21:02.561382-2237,2235,2239,2652,156,142
12/01/2020-12:22:09.891578-2234,2234,2238,2651,159,136
12/01/2020-12:23:17.238343-2236,2230,2236,2651,159,136
12/01/2020-12:24:24.534585-2234,2230,2234,2651,159,135
12/01/2020-12:25:31.882050-2226,2224,2229,2651,157,151
12/01/2020-12:26:39.220510-2224,2222,2226,2651,159,125
12/01/2020-12:27:46.570229-2227,2222,2227,2651,158,141
12/01/2020-12:28:53.921475-2224,2225,2226,2651,159,128
12/01/2020-12:30:01.249098-2226,2223,2226,2651,158,141
12/01/2020-12:31:08.593046-2222,2222,2227,2651,159,138
12/01/2020-12:32:15.931812-2221,2222,2225,2650,159,128
12/01/2020-12:33:23.277200-2218,2214,2217,2651,158,136
12/01/2020-12:34:30.623789-2217,2216,2220,2650,157,150
12/01/2020-12:35:37.940337-3128,3145,3295,2649,157,135
12/01/2020-12:36:45.283761-3888,3898,4066,2649,156,141
12/01/2020-12:37:52.648109-4372,4378,4528,2649,155,142
12/01/2020-12:38:59.951143-4658,4662,4787,2648,156,143
12/01/2020-12:40:07.317231-4839,4841,4943,2649,153,143
12/01/2020-12:41:14.621787-4958,4960,5044,2648,155,143
12/01/2020-12:42:21.960718-5040,5040,5109,2648,153,142
12/01/2020-12:43:29.323779-5097,5099,5155,2648,153,142
12/01/2020-12:44:36.626674-5142,5141,5190,2648,154,142
12/01/2020-12:45:43.993864-5172,5173,5214,2648,153,142
12/01/2020-12:46:51.356718-5202,5202,5236,2649,152,141
12/01/2020-12:47:58.679416-5225,5224,5255,2649,153,140
12/01/2020-12:49:06.027371-5234,5233,5257,2649,154,140
12/01/2020-12:50:13.397510-4811,4802,4748,2649,155,143
12/01/2020-12:51:20.732004-4597,4594,4492,2650,156,140
12/01/2020-12:52:28.066770-4411,4408,4283,2650,155,142
12/01/2020-12:53:35.432717-4221,4218,4073,2650,157,144
12/01/2020-12:54:42.760556-4041,4040,3886,2651,156,140
12/01/2020-12:55:50.088056-3881,3876,3724,2651,158,144
12/01/2020-12:56:57.453999-3735,3734,3579,2651,157,145
12/01/2020-12:58:04.758556-3616,3613,3453,2652,156,147
12/01/2020-12:59:12.126014-3503,3502,3348,2652,159,147
12/01/2020-13:00:19.458148-3405,3405,3261,2653,157,136
12/01/2020-13:01:26.802832-3321,3319,3184,2653,155,148
12/01/2020-13:02:34.156849-3245,3243,3116,2653,158,148
12/01/2020-13:03:41.496323-3178,3177,3056,2653,159,145
12/01/2020-13:04:48.825294-3116,3116,3004,2653,156,148
12/01/2020-13:05:56.179744-3062,3062,2957,2653,155,132
12/01/2020-13:07:03.512982-3015,3015,2915,2653,158,137
12/01/2020-13:08:10.851775-2971,2971,2880,2654,159,134
12/01/2020-13:09:18.155219-2933,2932,2846,2653,157,146
12/01/2020-13:10:25.505963-2894,2893,2816,2653,159,145
12/01/2020-13:11:32.836566-2864,2863,2789,2654,155,145
12/01/2020-13:12:40.143247-2832,2832,2765,2654,159,148
12/01/2020-13:13:47.462287-2805,2804,2741,2654,159,147
12/01/2020-13:14:54.794642-2779,2777,2719,2654,158,148
12/01/2020-13:16:02.100172-2756,2756,2699,2654,159,149
12/01/2020-13:17:09.419226-2733,2733,2682,2654,157,133
12/01/2020-13:18:16.770467-2714,2713,2664,2654,156,149
12/01/2020-13:19:24.121590-2694,2695,2647,2654,157,133
12/01/2020-13:20:31.468604-2676,2677,2633,2654,159,138
12/01/2020-13:21:38.807533-2662,2660,2619,2654,159,147
12/01/2020-13:22:46.154815-2644,2645,2606,2654,158,144
12/01/2020-13:23:53.493716-2630,2629,2593,2654,159,145
12/01/2020-13:25:00.840568-2617,2616,2581,2654,157,137
12/01/2020-13:26:08.158201-2605,2604,2570,2654,159,133
12/01/2020-13:27:15.465877-2593,2593,2560,2654,157,148
12/01/2020-13:28:22.802110-2582,2583,2550,2654,157,129
12/01/2020-13:29:30.151571-2572,2571,2541,2654,159,133
12/01/2020-13:30:37.490543-2561,2561,2534,2654,156,150
12/01/2020-13:31:44.822121-2552,2552,2525,2654,159,149
12/01/2020-13:32:52.188302-2543,2543,2515,2654,155,140
12/01/2020-13:33:59.509633-2533,2534,2508,2653,159,149
12/01/2020-13:35:06.888621-2525,2525,2501,2653,157,147
12/01/2020-13:36:14.227427-2518,2518,2495,2653,158,150
12/01/2020-13:37:21.580426-2511,2512,2489,2653,159,142
12/01/2020-13:38:28.942503-2506,2505,2483,2653,159,149
12/01/2020-13:39:36.281227-2501,2500,2478,2653,159,150
12/01/2020-13:40:43.615844-2494,2494,2474,2653,158,150
12/01/2020-13:41:50.982885-2491,2490,2469,2653,159,149
12/01/2020-13:42:58.317489-2485,2485,2466,2653,161,140
12/01/2020-13:44:05.620798-2480,2480,2462,2652,157,138
12/01/2020-13:45:12.955599-2475,2475,2458,2652,159,149
12/01/2020-13:46:20.289132-2471,2471,2453,2652,158,131
12/01/2020-13:47:27.607755-2467,2467,2450,2652,156,141
12/01/2020-13:48:34.960455-2464,2464,2446,2652,159,148
12/01/2020-13:49:42.323870-2461,2460,2445,2652,160,148
12/01/2020-13:50:49.631605-2457,2457,2440,2652,157,132
12/01/2020-13:51:56.968561-2455,2454,2439,2652,159,150
12/01/2020-13:53:04.332313-2451,2450,2436,2652,157,145
12/01/2020-13:54:11.673598-2446,2446,2431,2652,159,145
12/01/2020-13:55:19.000976-2442,2443,2429,2652,159,143
12/01/2020-13:56:26.321804-2450,2460,2460,2651,159,135
12/01/2020-13:57:33.657264-3354,3367,3508,2651,157,139
12/01/2020-13:58:40.960046-4026,4034,4189,2650,155,138
12/01/2020-13:59:48.305635-4448,4454,4592,2650,154,140
12/01/2020-14:00:55.645984-4713,4716,4834,2650,155,143
12/01/2020-14:02:02.991891-4882,4883,4979,2650,154,143
12/01/2020-14:03:10.332080-4990,4991,5071,2650,155,143
12/01/2020-14:04:17.683180-5066,5067,5131,2650,153,139
12/01/2020-14:05:25.016638-5122,5122,5175,2650,154,143
12/01/2020-14:06:32.320851-5161,5163,5209,2650,154,142
12/01/2020-14:07:39.655622-5191,5193,5229,2650,153,139
12/01/2020-14:08:47.006686-5215,5215,5249,2650,154,140
12/01/2020-14:09:54.336958-5235,5235,5264,2650,154,140
12/01/2020-14:11:01.695651-5254,5253,5278,2650,153,142
12/01/2020-14:12:09.028032-4865,4856,4805,2651,154,138
12/01/2020-14:13:16.331152-4625,4622,4523,2651,154,140
12/01/2020-14:14:23.650592-4446,4445,4319,2651,153,139
12/01/2020-14:15:31.017419-4256,4255,4113,2651,154,144
12/01/2020-14:16:38.381398-4080,4078,3921,2652,153,141
12/01/2020-14:17:45.703921-3920,3918,3757,2652,155,139
12/01/2020-14:18:53.022998-3776,3772,3613,2652,156,146
12/01/2020-14:20:00.349429-3647,3645,3490,2652,155,143
12/01/2020-14:21:07.688146-3538,3538,3387,2653,154,143
12/01/2020-14:22:15.056830-3443,3441,3296,2653,157,146
12/01/2020-14:23:22.385811-3356,3355,3219,2653,156,135
12/01/2020-14:24:29.713949-3281,3280,3152,2653,157,141
12/01/2020-14:25:37.079346-3212,3211,3094,2653,157,137
12/01/2020-14:26:44.432292-3153,3152,3041,2654,155,135
12/01/2020-14:27:51.783664-3098,3097,2994,2654,158,142
12/01/2020-14:28:59.117263-3049,3048,2953,2653,157,134
12/01/2020-14:30:06.452264-3008,3008,2917,2654,159,148
12/01/2020-14:31:13.789013-2967,2968,2885,2654,157,149
12/01/2020-14:32:21.124395-2932,2932,2854,2654,158,132
12/01/2020-14:33:28.463999-2899,2898,2826,2654,157,134
12/01/2020-14:34:35.794167-2869,2868,2801,2654,157,131
12/01/2020-14:35:43.129644-2841,2841,2778,2654,158,149
12/01/2020-14:36:50.464829-2815,2815,2756,2654,157,149
12/01/2020-14:37:57.783923-2790,2790,2735,2654,157,136
12/01/2020-14:39:05.119978-2768,2769,2716,2654,156,149
12/01/2020-14:40:12.458373-2748,2747,2698,2654,156,133
12/01/2020-14:41:19.743618-2729,2729,2681,2654,158,134
12/01/2020-14:42:27.113085-2710,2710,2666,2654,158,148
12/01/2020-14:43:34.459534-2693,2692,2650,2654,159,146
12/01/2020-14:44:41.809836-2676,2676,2638,2654,157,147
12/01/2020-14:45:49.151068-2662,2661,2625,2654,159,131
12/01/2020-14:46:56.493592-2646,2647,2611,2654,159,148
12/01/2020-14:48:03.829924-2635,2633,2601,2654,157,143
12/01/2020-14:49:11.167343-2622,2621,2589,2654,159,138
12/01/2020-14:50:18.476310-2610,2610,2579,2654,158,148
12/01/2020-14:51:25.798924-2599,2599,2570,2654,157,134
12/01/2020-14:52:33.139473-2590,2589,2559,2654,160,146
12/01/2020-14:53:40.539207-2579,2580,2552,2654,159,137
12/01/2020-14:54:47.872666-2570,2570,2543,2653,158,150
12/01/2020-14:55:55.209618-2561,2561,2535,2653,159,149
12/01/2020-14:57:02.544612-2552,2552,2528,2653,157,150
12/01/2020-14:58:09.878117-2545,2544,2519,2653,158,147
12/01/2020-14:59:17.222683-2538,2537,2513,2653,157,144
12/01/2020-15:00:24.550234-2534,2532,2508,2652,159,150
12/01/2020-15:01:31.885460-2527,2527,2504,2652,159,147
12/01/2020-15:02:39.204113-2521,2521,2498,2652,158,138
12/01/2020-15:03:46.506987-2516,2516,2492,2652,156,140
12/01/2020-15:04:53.903415-2510,2510,2487,2652,159,144
12/01/2020-15:06:01.246889-2505,2503,2482,2652,158,144
12/01/2020-15:07:08.584162-2500,2498,2478,2652,157,149
12/01/2020-15:08:15.926984-2495,2494,2476,2652,155,145
12/01/2020-15:09:23.266165-2491,2490,2472,2652,158,132
12/01/2020-15:10:30.624976-2489,2488,2471,2652,155,144
12/01/2020-15:11:37.932567-2484,2483,2467,2651,159,147
12/01/2020-15:12:45.284137-2480,2480,2464,2651,156,139
12/01/2020-15:13:52.602705-2478,2477,2461,2651,158,140
12/01/2020-15:14:59.945941-2474,2475,2459,2651,157,141
12/01/2020-15:16:07.303374-2470,2471,2455,2650,156,144
12/01/2020-15:17:14.653292-2468,2467,2451,2651,155,143
12/01/2020-15:18:22.007052-2464,2464,2449,2650,157,148
12/01/2020-15:19:29.341106-2461,2460,2445,2650,157,148
12/01/2020-15:20:36.660034-2458,2458,2444,2650,158,127
12/01/2020-15:21:44.009513-3179,3191,3317,2650,157,144
12/01/2020-15:22:51.346738-3910,3920,4076,2649,155,139
12/01/2020-15:23:58.712483-4379,4386,4528,2649,154,139
12/01/2020-15:25:06.033485-4669,4674,4794,2649,153,142
12/01/2020-15:26:13.368381-4849,4852,4950,2649,154,140
12/01/2020-15:27:20.717364-4968,4971,5052,2648,153,138
12/01/2020-15:28:28.083593-5054,5055,5122,2648,153,137
12/01/2020-15:29:35.417863-5108,5111,5165,2648,152,141
12/01/2020-15:30:42.786126-5154,5154,5202,2649,150,140
12/01/2020-15:31:50.138444-5186,5187,5227,2649,152,140
12/01/2020-15:32:57.472836-5212,5211,5246,2649,153,137
12/01/2020-15:34:04.840448-5231,5231,5261,2649,151,137
12/01/2020-15:35:12.175551-5248,5250,5275,2649,151,140
12/01/2020-15:36:19.526258-5263,5263,5287,2649,151,140
12/01/2020-15:37:26.857409-5024,5016,4989,2649,153,139
12/01/2020-15:38:34.180242-4682,4678,4583,2649,153,138
12/01/2020-15:39:41.547142-4513,4509,4390,2650,152,138
12/01/2020-15:40:48.896239-4323,4320,4181,2650,154,137
12/01/2020-15:41:56.232862-4142,4139,3989,2650,155,137
12/01/2020-15:43:03.567279-3979,3978,3820,2651,152,138
12/01/2020-15:44:10.933137-3836,3831,3670,2651,156,145
12/01/2020-15:45:18.301804-3702,3701,3543,2651,155,138
12/01/2020-15:46:25.646803-3590,3587,3435,2652,157,145
12/01/2020-15:47:33.002635-3486,3486,3341,2652,157,143
12/01/2020-15:48:40.337348-3398,3398,3261,2652,159,142
12/01/2020-15:49:47.704077-3322,3322,3193,2652,155,137
12/01/2020-15:50:55.008982-3253,3251,3134,2652,158,147
12/01/2020-15:52:02.357399-3192,3191,3080,2652,158,136
12/01/2020-15:53:09.692468-3136,3136,3035,2652,158,138
12/01/2020-15:54:17.056469-3090,3088,2991,2652,155,146
12/01/2020-15:55:24.409400-3046,3044,2954,2652,155,132
12/01/2020-15:56:31.712411-3004,3003,2917,2652,155,138
12/01/2020-15:57:39.058839-2964,2964,2885,2652,157,144
12/01/2020-15:58:46.398304-2928,2927,2855,2652,155,135
12/01/2020-15:59:53.727318-2897,2896,2826,2653,158,146
12/01/2020-16:01:01.068136-2870,2870,2803,2653,156,147
12/01/2020-16:02:08.418346-2841,2841,2779,2653,154,147
12/01/2020-16:03:15.758512-2815,2815,2757,2653,158,148
12/01/2020-16:04:23.087959-2792,2791,2736,2653,156,134
12/01/2020-16:05:30.453120-2770,2769,2718,2653,155,145
12/01/2020-16:06:37.786911-2749,2748,2700,2653,159,142
12/01/2020-16:07:45.093786-2731,2730,2683,2653,159,136
12/01/2020-16:08:52.412718-2712,2712,2669,2653,157,143
12/01/2020-16:09:59.761793-2694,2694,2655,2653,156,140
12/01/2020-16:11:07.114526-2679,2678,2639,2652,156,148
12/01/2020-16:12:14.481586-2666,2665,2629,2652,158,149
12/01/2020-16:13:21.820347-2650,2652,2616,2652,156,145
12/01/2020-16:14:29.150961-2638,2638,2605,2652,159,129
12/01/2020-16:15:36.494038-2627,2626,2593,2652,156,145
12/01/2020-16:16:43.867529-2616,2615,2584,2652,155,130
12/01/2020-16:17:51.206042-2605,2605,2575,2652,158,142
12/01/2020-16:18:58.536827-2596,2594,2566,2652,158,149
12/01/2020-16:20:05.889249-2586,2586,2557,2652,159,148
12/01/2020-16:21:13.224140-2577,2575,2549,2652,157,149
12/01/2020-16:22:20.560184-2568,2567,2541,2651,156,141
12/01/2020-16:23:27.893872-2560,2559,2534,2651,159,133
12/01/2020-16:24:35.237612-2552,2553,2527,2651,157,137
12/01/2020-16:25:42.563803-2547,2547,2521,2651,159,144
12/01/2020-16:26:49.898591-2541,2540,2514,2651,159,148
12/01/2020-16:27:57.265700-2534,2534,2508,2651,158,140
12/01/2020-16:29:04.615468-2528,2527,2504,2650,159,147
12/01/2020-16:30:11.935541-2521,2522,2498,2649,156,148
12/01/2020-16:31:19.270665-2515,2516,2492,2649,157,148
12/01/2020-16:32:26.589274-2509,2509,2487,2649,159,132
12/01/2020-16:33:33.932118-2503,2502,2482,2651,156,132
12/01/2020-16:34:41.271189-2497,2498,2477,2650,156,142
12/01/2020-16:35:48.621205-2493,2493,2474,2649,156,140
12/01/2020-16:36:55.944971-2489,2489,2471,2649,156,142
12/01/2020-16:38:03.247997-2835,2848,2926,2649,159,133
12/01/2020-16:39:10.579851-3660,3672,3823,2648,158,147
12/01/2020-16:40:17.900326-4232,4241,4389,2648,155,138
12/01/2020-16:41:25.220475-4583,4589,4716,2648,154,139
12/01/2020-16:42:32.550088-4802,4806,4914,2648,153,143
12/01/2020-16:43:39.858417-4942,4944,5032,2647,153,142
12/01/2020-16:44:47.177829-5038,5039,5112,2647,154,143
12/01/2020-16:45:54.527088-5104,5105,5164,2647,153,139
12/01/2020-16:47:01.829767-5152,5153,5200,2647,152,141
12/01/2020-16:48:09.166394-5187,5188,5229,2648,152,141
12/01/2020-16:49:16.501393-5213,5215,5249,2648,153,141
12/01/2020-16:50:23.838997-5236,5237,5268,2648,153,142
12/01/2020-16:51:31.190037-5255,5257,5283,2648,153,142
12/01/2020-16:52:38.538134-5273,5273,5299,2648,152,138
12/01/2020-16:53:45.839877-5284,5285,5307,2648,153,139
12/01/2020-16:54:53.158108-4923,4914,4865,2648,155,139
12/01/2020-16:56:00.511188-4667,4664,4560,2648,156,140
12/01/2020-16:57:07.852738-4490,4487,4362,2649,155,139
12/01/2020-16:58:15.163511-4301,4299,4156,2649,155,140
12/01/2020-16:59:22.512716-4124,4121,3965,2648,156,145
12/01/2020-17:00:29.810758-3963,3962,3803,2649,158,139
12/01/2020-17:01:37.121117-3821,3816,3663,2649,156,146
12/01/2020-17:02:44.503344-3700,3698,3538,2649,156,146
12/01/2020-17:03:51.822278-3588,3587,3436,2650,158,143
12/01/2020-17:04:59.190181-3485,3483,3343,2650,158,145
12/01/2020-17:06:06.540277-3399,3398,3264,2650,156,148
12/01/2020-17:07:13.843008-3322,3321,3197,2650,155,147
12/01/2020-17:08:21.175822-3254,3254,3138,2650,156,140
12/01/2020-17:09:28.514548-3196,3194,3086,2650,156,147
12/01/2020-17:10:35.896815-3140,3140,3041,2650,158,137
12/01/2020-17:11:43.242454-3094,3092,2999,2651,158,147
12/01/2020-17:12:50.573315-3050,3050,2962,2652,158,133
12/01/2020-17:13:57.917450-3011,3010,2927,2651,157,144
12/01/2020-17:15:05.256326-2972,2971,2896,2650,157,136
12/01/2020-17:16:12.587557-2939,2938,2867,2651,158,133
12/01/2020-17:17:19.923195-2907,2906,2839,2651,155,146
12/01/2020-17:18:27.257749-2877,2876,2813,2652,155,132
12/01/2020-17:19:34.589924-2850,2851,2791,2651,158,142
12/01/2020-17:20:41.943350-2824,2824,2769,2651,156,145
12/01/2020-17:21:49.288235-2801,2800,2748,2651,158,140
12/01/2020-17:22:56.628970-2779,2778,2729,2652,156,149
12/01/2020-17:24:03.973426-2758,2757,2709,2651,157,138
12/01/2020-17:25:11.325714-2737,2737,2692,2651,157,143
12/01/2020-17:26:18.663513-2719,2720,2675,2651,156,140
12/01/2020-17:27:26.015567-2702,2702,2661,2651,159,138
12/01/2020-17:28:33.362956-2688,2686,2647,2651,157,138
12/01/2020-17:29:40.697415-2672,2672,2634,2650,159,147
12/01/2020-17:30:48.052554-2658,2658,2621,2650,159,140
12/01/2020-17:31:55.392148-2645,2646,2611,2650,158,146
12/01/2020-17:33:02.722381-2633,2632,2599,2649,158,131
12/01/2020-17:34:10.071949-2621,2620,2588,2649,159,131
12/01/2020-17:35:17.392052-2610,2609,2579,2649,157,145
12/01/2020-17:36:24.694622-2601,2599,2571,2649,157,133
12/01/2020-17:37:32.060806-2591,2592,2563,2649,157,130
12/01/2020-17:38:39.425932-2774,2787,2837,2649,156,146
12/01/2020-17:39:46.763308-3610,3622,3760,2649,158,135
12/01/2020-17:40:54.145753-4204,4213,4355,2648,153,143
12/01/2020-17:42:01.480536-4567,4573,4699,2649,155,139
12/01/2020-17:43:08.826198-4800,4806,4912,2648,154,142
12/01/2020-17:44:16.142749-4945,4949,5035,2647,152,139
12/01/2020-17:45:23.484856-5046,5048,5120,2648,154,139
12/01/2020-17:46:30.835875-5113,5114,5172,2648,154,138
12/01/2020-17:47:38.186931-5161,5161,5211,2648,153,139
12/01/2020-17:48:45.535335-5199,5199,5239,2648,154,139
12/01/2020-17:49:52.884238-5225,5225,5262,2648,151,142
12/01/2020-17:51:00.223017-5252,5251,5284,2648,153,140
12/01/2020-17:52:07.542335-5268,5269,5296,2648,153,138
12/01/2020-17:53:14.861044-5123,5116,5105,2648,152,142
12/01/2020-17:54:22.209496-4723,4719,4638,2648,154,138
12/01/2020-17:55:29.578492-4563,4559,4449,2648,155,144
12/01/2020-17:56:36.928573-4376,4374,4241,2648,155,143
12/01/2020-17:57:44.248749-4193,4190,4045,2648,156,140
12/01/2020-17:58:51.644907-4023,4022,3870,2648,157,139
12/01/2020-17:59:58.998459-3873,3876,3722,2649,156,140
12/01/2020-18:01:06.344213-3746,3744,3593,2649,158,139
12/01/2020-18:02:13.684254-3633,3630,3483,2649,158,145
12/01/2020-18:03:21.018868-3533,3533,3392,2650,156,146
12/01/2020-18:04:28.336275-3444,3444,3310,2650,156,146
12/01/2020-18:05:35.655813-3365,3364,3242,2649,158,146
12/01/2020-18:06:43.007735-3297,3295,3179,2649,156,140
12/01/2020-18:07:50.358884-3236,3235,3126,2649,154,138
12/01/2020-18:08:57.677796-3178,3178,3077,2649,155,148
12/01/2020-18:10:04.996261-3128,3128,3035,2649,158,146
12/01/2020-18:11:12.347225-3084,3084,2995,2649,158,147
12/01/2020-18:12:19.666271-3043,3043,2960,2649,158,134
12/01/2020-18:13:27.016587-3006,3005,2927,2649,158,143
12/01/2020-18:14:34.335484-2969,2968,2897,2649,154,146
12/01/2020-18:15:41.686441-2936,2934,2868,2650,159,148
12/01/2020-18:16:49.036405-2904,2904,2841,2649,156,144
12/01/2020-18:17:56.340112-2877,2876,2816,2649,158,138
12/01/2020-18:19:03.657864-2849,2849,2794,2650,157,144
12/01/2020-18:20:10.993621-2826,2825,2772,2648,157,142
12/01/2020-18:21:18.347494-2802,2802,2751,2649,159,133
12/01/2020-18:22:25.726846-2780,2780,2733,2649,153,148
12/01/2020-18:23:33.140914-2757,2756,2712,2649,156,148
12/01/2020-18:24:40.492401-2739,2738,2695,2649,156,148
12/01/2020-18:25:47.827734-2723,2722,2682,2649,155,137
12/01/2020-18:26:55.177068-2706,2706,2669,2649,157,130
12/01/2020-18:28:02.542695-2692,2690,2653,2649,159,129
12/01/2020-18:29:09.895010-2679,2677,2642,2649,156,132
12/01/2020-18:30:17.229846-2665,2664,2630,2649,156,145
12/01/2020-18:31:24.596916-2650,2651,2619,2648,157,148
12/01/2020-18:32:31.915358-2639,2638,2608,2648,158,146
12/01/2020-18:33:39.265217-2626,2626,2598,2648,156,148
12/01/2020-18:34:46.584757-2617,2616,2588,2648,158,136
12/01/2020-18:35:53.982219-3001,3015,3095,2647,157,130
12/01/2020-18:37:01.334603-3790,3800,3945,2648,157,143
12/01/2020-18:38:08.653049-4318,4326,4466,2648,153,142
12/01/2020-18:39:16.002679-4644,4648,4770,2647,154,142
12/01/2020-18:40:23.351821-4856,4858,4957,2646,153,143
12/01/2020-18:41:30.657603-4984,4987,5070,2646,152,142
12/01/2020-18:42:37.960753-5074,5076,5143,2647,153,142
12/01/2020-18:43:45.327918-5135,5137,5191,2647,153,138
12/01/2020-18:44:52.630977-5179,5179,5228,2647,153,137
12/01/2020-18:45:59.934099-5213,5215,5251,2647,151,141
12/01/2020-18:47:07.300049-5238,5238,5274,2647,153,141
12/01/2020-18:48:14.650189-5258,5259,5289,2647,153,141
12/01/2020-18:49:21.958735-5218,5213,5223,2647,153,138
12/01/2020-18:50:29.290160-4743,4739,4672,2647,152,138
12/01/2020-18:51:36.627529-4601,4599,4493,2647,152,139
12/01/2020-18:52:43.928536-4416,4414,4288,2647,154,143
12/01/2020-18:53:51.309939-4234,4230,4091,2647,155,139
12/01/2020-18:54:58.630616-4063,4060,3913,2648,156,144
12/01/2020-18:56:05.949569-3916,3910,3760,2647,154,137
12/01/2020-18:57:13.263604-3779,3780,3624,2648,157,135
12/01/2020-18:58:20.598588-3659,3657,3514,2647,156,147
12/01/2020-18:59:27.947388-3557,3557,3416,2648,156,146
12/01/2020-19:00:35.284061-3470,3467,3336,2648,156,147
12/01/2020-19:01:42.640523-3389,3389,3265,2648,156,141
12/01/2020-19:02:49.959339-3318,3318,3203,2648,157,140
12/01/2020-19:03:57.310209-3255,3255,3147,2648,157,133
12/01/2020-19:05:04.657637-3198,3197,3097,2648,156,138
12/01/2020-19:06:11.964233-3147,3146,3052,2648,157,143
12/01/2020-19:07:19.346918-3100,3100,3012,2648,156,147
12/01/2020-19:08:26.649941-3059,3058,2974,2648,154,132
12/01/2020-19:09:33.984716-3019,3018,2940,2648,156,140
12/01/2020-19:10:41.303541-2982,2981,2908,2649,156,145
12/01/2020-19:11:48.670128-2949,2948,2881,2648,158,149
12/01/2020-19:12:56.036484-2917,2917,2851,2648,158,148
12/01/2020-19:14:03.386963-2890,2888,2827,2649,157,138
12/01/2020-19:15:10.731933-2864,2863,2804,2649,158,133
12/01/2020-19:16:18.068134-2837,2837,2784,2649,159,147
12/01/2020-19:17:25.398547-2814,2813,2762,2648,157,146
12/01/2020-19:18:32.758542-2793,2792,2744,2648,157,141
12/01/2020-19:19:40.092143-2772,2772,2726,2648,155,148
12/01/2020-19:20:47.424717-2753,2752,2709,2648,156,144
12/01/2020-19:21:54.793033-2735,2734,2694,2648,158,133
12/01/2020-19:23:02.129273-2718,2717,2679,2648,154,139
12/01/2020-19:24:09.463973-2702,2702,2665,2648,158,140
12/01/2020-19:25:16.766866-2688,2687,2652,2648,157,148
12/01/2020-19:26:24.090812-2673,2673,2639,2647,159,148
12/01/2020-19:27:31.403165-2660,2660,2628,2647,157,130
12/01/2020-19:47:37.091613-5230,5230,5267,2645,153,141
12/01/2020-19:48:44.456822-5249,5249,5281,2645,151,140
12/01/2020-19:49:51.806596-4903,4895,4854,2644,152,141
12/01/2020-19:50:59.157013-4642,4640,4548,2645,153,142
12/01/2020-19:52:06.491376-4465,4462,4347,2646,155,140
12/01/2020-19:53:13.859831-4278,4275,4141,2645,153,142
12/01/2020-19:54:21.226775-4103,4100,3957,2645,154,144
12/01/2020-19:55:28.573909-3945,3940,3793,2646,156,145
12/01/2020-19:56:35.881632-3801,3801,3655,2646,156,134
12/01/2020-19:57:43.237212-3681,3681,3533,2646,156,144
12/01/2020-19:58:50.587262-3577,3576,3434,2646,155,133
12/01/2020-19:59:57.940896-3483,3482,3348,2646,158,134
12/01/2020-20:01:05.281490-3401,3400,3273,2646,155,140
12/01/2020-20:02:12.589841-3328,3327,3208,2646,154,147
12/01/2020-20:03:19.940946-3261,3261,3151,2646,155,133
12/01/2020-20:04:27.264596-3202,3203,3098,2646,153,141
12/01/2020-20:05:34.610809-3148,3148,3053,2646,156,135
12/01/2020-20:06:41.961370-3100,3100,3010,2646,155,146
12/01/2020-20:07:49.298516-3057,3056,2971,2646,157,139
12/01/2020-20:08:56.647327-3017,3015,2935,2646,155,138
12/01/2020-20:10:04.030363-2980,2980,2904,2646,157,140
12/01/2020-20:11:11.381414-2945,2944,2875,2646,157,135
12/01/2020-20:12:18.699829-2915,2914,2848,2647,156,141
12/01/2020-20:13:26.055000-2886,2884,2822,2646,157,148
12/01/2020-20:14:33.433206-2858,2858,2799,2647,158,143
12/01/2020-20:15:40.783288-2832,2832,2777,2646,159,148
12/01/2020-20:16:48.137351-2810,2810,2758,2646,158,145
12/01/2020-20:17:55.517493-2788,2788,2739,2646,157,147
12/01/2020-20:19:02.884840-2766,2765,2719,2646,155,145
12/01/2020-20:20:10.206338-2747,2747,2703,2646,157,133
12/01/2020-20:21:17.539169-2729,2729,2687,2646,156,136
12/01/2020-20:22:24.888177-2711,2711,2672,2646,158,129
12/01/2020-20:23:32.241340-2696,2695,2657,2645,156,147
12/01/2020-20:24:39.592079-2681,2681,2644,2645,158,148
12/01/2020-20:25:46.958820-2667,2668,2633,2645,154,148
12/01/2020-20:26:54.309983-2654,2654,2621,2645,157,149
12/01/2020-20:28:01.692574-2641,2641,2611,2645,158,148
12/01/2020-20:29:09.075106-2630,2629,2600,2645,155,147
12/01/2020-20:30:16.458900-2619,2618,2590,2645,155,149
12/01/2020-20:31:23.777744-2609,2608,2580,2645,155,138
12/01/2020-20:32:31.192730-2600,2601,2572,2644,154,138
12/01/2020-20:33:38.543813-2592,2592,2566,2644,156,141
12/01/2020-20:34:45.894711-2583,2583,2559,2644,157,145
12/01/2020-20:35:53.277327-2574,2574,2550,2644,156,147
12/01/2020-20:37:00.644864-2566,2566,2544,2644,157,145
12/01/2020-20:38:08.026744-3143,3157,3260,2643,158,146
12/01/2020-20:39:15.362982-3891,3901,4048,2642,156,140
12/01/2020-20:40:22.713040-4385,4390,4532,2643,157,137
12/01/2020-20:41:30.064631-4685,4689,4806,2643,154,136
12/01/2020-20:42:37.431788-4875,4878,4976,2642,153,141
12/01/2020-20:43:44.782328-4999,5001,5081,2642,152,139
12/01/2020-20:44:52.180467-5083,5083,5152,2642,152,142
12/01/2020-20:45:59.531853-5141,5143,5197,2642,153,138
12/01/2020-20:47:06.931164-5189,5189,5235,2642,152,141
12/01/2020-20:48:14.297962-5220,5219,5259,2642,152,139
12/01/2020-20:49:21.632100-5244,5245,5278,2643,152,139
12/01/2020-20:50:29.015590-5264,5264,5294,2642,152,138
12/01/2020-20:51:36.381774-5209,5202,5210,2643,153,140
12/01/2020-20:52:43.717344-4738,4735,4669,2643,154,141
12/01/2020-20:53:51.082923-4597,4594,4487,2643,155,139
12/01/2020-20:54:58.450948-4413,4410,4283,2643,153,142
12/01/2020-20:56:05.834381-4227,4224,4084,2643,156,141
12/01/2020-20:57:13.217656-4056,4055,3905,2644,154,139
12/01/2020-20:58:20.600180-3901,3905,3748,2643,155,143
12/01/2020-20:59:27.983041-3769,3772,3616,2643,156,143
12/01/2020-21:00:35.334250-3655,3649,3508,2644,155,136
12/01/2020-21:01:42.700928-3548,3549,3406,2644,156,147
12/01/2020-21:02:50.084239-3456,3456,3321,2644,158,142
12/01/2020-21:03:57.436580-3374,3374,3251,2644,159,136
12/01/2020-21:05:04.770471-3306,3306,3188,2644,157,146
12/01/2020-21:06:12.137151-3242,3242,3134,2644,157,145
12/01/2020-21:07:19.535249-3186,3186,3086,2644,157,147
12/01/2020-21:08:26.870794-3133,3134,3041,2644,158,145
12/01/2020-21:09:34.237683-3087,3087,3000,2644,156,139
12/01/2020-21:10:41.603601-3045,3043,2964,2644,154,146
12/01/2020-21:11:48.954794-3005,3005,2928,2644,156,131
12/01/2020-21:12:56.306605-2970,2968,2897,2645,158,138
12/01/2020-21:14:03.672669-2937,2936,2869,2645,155,138
12/01/2020-21:15:11.039758-2907,2906,2842,2645,155,148
12/01/2020-21:16:18.375240-2877,2876,2817,2645,158,144
12/01/2020-21:17:25.740796-2849,2849,2794,2645,157,144
12/01/2020-21:18:33.108802-3250,3262,3333,2644,155,139
12/01/2020-21:19:40.475730-3969,3977,4107,2644,154,143
12/01/2020-21:20:47.858670-4435,4442,4569,2643,155,137
12/01/2020-21:21:55.210590-4730,4735,4843,2644,154,137
12/01/2020-21:23:02.577485-4909,4914,5002,2643,154,138
12/01/2020-21:24:09.927790-5028,5030,5105,2643,151,139
12/01/2020-21:25:17.294685-5106,5107,5170,2644,154,139
12/01/2020-21:26:24.661452-5161,5161,5213,2644,152,139
12/01/2020-21:27:31.981464-5204,5205,5247,2644,153,141
12/01/2020-21:28:39.331487-5233,5234,5270,2644,153,142
12/01/2020-21:29:46.683013-5257,5259,5291,2643,153,141
12/01/2020-21:30:54.033836-5277,5279,5306,2644,153,139
12/01/2020-21:32:01.384196-5296,5296,5321,2644,153,141
12/01/2020-21:33:08.735270-5303,5305,5326,2644,153,139
12/01/2020-21:34:16.087133-5316,5317,5336,2644,153,139
12/01/2020-21:35:23.484619-5326,5327,5347,2644,153,137
12/01/2020-21:36:30.852512-5335,5336,5352,2644,152,140
12/01/2020-21:37:38.235898-5343,5343,5360,2645,151,137
12/01/2020-21:38:45.587568-5348,5347,5365,2644,151,139
12/01/2020-21:39:52.939855-5354,5355,5367,2645,152,138
12/01/2020-21:41:00.306478-5357,5357,5370,2645,153,138
12/01/2020-21:42:07.657629-5090,5082,5041,2645,153,139
12/01/2020-21:43:14.992450-4788,4785,4683,2645,155,138
12/01/2020-21:44:22.343266-4627,4624,4498,2646,153,142
12/01/2020-21:45:29.726025-4446,4442,4302,2646,154,142
12/01/2020-21:46:37.077042-4271,4269,4118,2646,155,144
12/01/2020-21:47:44.444201-4114,4111,3953,2646,154,136
12/01/2020-21:48:51.779101-3967,3965,3810,2646,157,145
12/01/2020-21:49:59.146206-3840,3845,3684,2646,156,141
12/01/2020-21:51:06.529513-3732,3731,3583,2647,155,146
12/01/2020-21:52:13.879861-3633,3634,3493,2648,156,144
12/01/2020-21:53:21.248274-3549,3548,3415,2648,155,145
12/01/2020-21:54:28.631069-3474,3474,3346,2648,154,147
12/01/2020-21:55:35.998626-3404,3404,3287,2648,154,146
12/01/2020-21:56:43.365675-3341,3341,3233,2648,155,147
12/01/2020-21:57:50.700697-3287,3286,3185,2648,155,132
12/01/2020-21:58:58.051059-3238,3237,3142,2647,158,138
12/01/2020-22:00:05.403492-3192,3191,3103,2647,158,138
12/01/2020-22:01:12.769720-3152,3151,3066,2647,157,146
12/01/2020-22:02:20.153417-3111,3110,3033,2647,157,145
12/01/2020-22:03:27.535784-3075,3075,3004,2647,158,148
12/01/2020-22:04:34.887693-3161,3173,3175,2647,158,136
12/01/2020-22:05:42.254283-3892,3903,4005,2647,157,143
12/01/2020-22:06:49.637225-4407,4414,4531,2648,154,144
12/01/2020-22:07:57.004692-4731,4735,4843,2647,153,142
12/01/2020-22:09:04.371109-4932,4934,5024,2647,152,141
12/01/2020-22:10:11.771168-5061,5063,5139,2647,151,141
12/01/2020-22:11:19.106363-5146,5145,5207,2647,151,140
12/01/2020-22:12:26.473214-5207,5208,5259,2647,152,138
12/01/2020-22:13:33.871385-5248,5248,5292,2647,153,140
12/01/2020-22:14:41.238928-5279,5279,5316,2646,154,138
12/01/2020-22:15:48.589619-5302,5302,5334,2647,152,140
12/01/2020-22:16:55.956314-5319,5319,5348,2647,153,139
12/01/2020-22:18:03.322849-5335,5335,5361,2647,152,140
12/01/2020-22:19:10.705765-5348,5349,5370,2647,152,141
12/01/2020-22:20:18.072990-5359,5358,5379,2647,152,140
12/01/2020-22:21:25.441408-5369,5368,5388,2647,152,140
12/01/2020-22:22:32.791895-5374,5372,5390,2647,153,139
12/01/2020-22:23:40.142985-5377,5376,5391,2648,152,141
12/01/2020-22:24:47.494458-4992,4984,4926,2647,154,138
12/01/2020-22:25:54.845687-4786,4783,4679,2647,152,140
12/01/2020-22:27:02.196833-4619,4616,4490,2648,153,138
12/01/2020-22:28:09.548623-4438,4437,4294,2648,154,140
12/01/2020-22:29:16.915434-4269,4266,4117,2648,154,139
12/01/2020-22:30:24.266505-4116,4115,3960,2648,156,142
12/01/2020-22:31:31.633532-3980,3978,3821,2648,155,144
12/01/2020-22:32:39.000882-3857,3856,3707,2648,156,139
12/01/2020-22:33:46.369056-3753,3751,3605,2648,156,141
12/01/2020-22:34:53.736268-3656,3655,3519,2649,155,134
12/01/2020-22:36:01.104581-3571,3571,3442,2649,157,139
12/01/2020-22:37:08.485834-3498,3496,3375,2649,158,141
12/01/2020-22:38:15.837929-3431,3429,3317,2649,165,138
12/01/2020-22:39:23.221290-3372,3370,3265,2649,158,128
12/01/2020-22:40:30.572292-3316,3315,3220,2649,164,140
12/01/2020-22:41:37.923069-3269,3267,3177,2649,159,137
12/01/2020-22:42:45.291488-3225,3223,3138,2648,163,154
12/01/2020-22:43:52.673929-3182,3182,3102,2649,164,155
12/01/2020-22:45:00.040502-3145,3145,3070,2648,161,153
12/01/2020-22:46:07.392387-3110,3110,3040,2648,159,152
12/01/2020-22:47:14.743947-3079,3078,3014,2648,160,122
12/01/2020-22:48:22.079421-3049,3048,2986,2648,163,155
12/01/2020-22:49:29.414669-3021,3021,2961,2648,164,152
12/01/2020-22:50:36.796663-2994,2994,2939,2648,164,146
12/01/2020-22:51:44.178891-2970,2969,2916,2648,161,153
12/01/2020-22:52:51.563627-2947,2947,2897,2649,161,155
12/01/2020-22:53:58.946811-3348,3360,3434,2648,163,155
12/01/2020-22:55:06.313865-4046,4056,4180,2647,161,154
12/01/2020-22:56:13.696816-4510,4517,4641,2647,161,153
12/01/2020-22:57:21.080098-4796,4801,4909,2648,162,144
12/01/2020-22:58:28.446680-4976,4978,5067,2647,161,151
12/01/2020-22:59:35.828680-5087,5089,5161,2647,158,151
12/01/2020-23:00:43.196747-5164,5163,5226,2647,160,148
12/01/2020-23:01:50.580064-5222,5222,5274,2647,157,145
12/01/2020-23:02:57.962965-5260,5260,5303,2647,159,148
12/01/2020-23:04:05.331216-5292,5293,5329,2647,159,147
12/01/2020-23:05:12.664834-5317,5317,5347,2647,159,145
12/01/2020-23:06:20.016603-5334,5334,5363,2647,161,143
12/01/2020-23:07:27.385297-5349,5350,5373,2647,160,150
12/01/2020-23:08:34.752910-5362,5361,5383,2647,159,145
12/01/2020-23:09:42.119257-5370,5371,5391,2647,159,150
12/01/2020-23:10:49.470904-5378,5377,5395,2647,158,150
12/01/2020-23:11:56.868597-5004,4994,4940,2646,158,151
12/01/2020-23:13:04.220650-4783,4781,4679,2647,160,151
12/01/2020-23:14:11.603996-4616,4614,4491,2647,159,151
12/01/2020-23:15:18.939404-4441,4438,4301,2648,161,151
12/01/2020-23:16:26.291176-4271,4267,4123,2647,163,151
12/01/2020-23:17:33.689978-4121,4119,3971,2647,162,146
12/01/2020-23:18:41.056121-3990,3986,3838,2648,160,143
12/01/2020-23:19:48.439524-3872,3873,3721,2648,162,141
12/01/2020-23:20:55.775622-3765,3765,3627,2647,163,152
12/01/2020-23:22:03.125850-3674,3674,3542,2648,162,143
12/01/2020-23:23:10.492641-3592,3592,3472,2648,162,154
12/01/2020-23:24:17.860845-3521,3521,3406,2648,163,155
12/01/2020-23:25:25.228095-3456,3457,3349,2648,164,154
