11/27/2020-20:50:16.518635-2314,2314,2315,2711,149,147
11/27/2020-20:51:23.883572-2307,2306,2308,2711,146,147
11/27/2020-20:52:31.246481-2302,2301,2301,2711,146,119
11/27/2020-20:53:38.625840-2298,2298,2296,2711,149,144
11/27/2020-20:54:45.957715-2311,2308,2334,2711,141,150
11/27/2020-20:55:53.320588-2528,2523,2642,2711,146,105
11/27/2020-20:57:00.667523-2860,2849,3036,2710,146,128
11/27/2020-20:58:08.046030-3203,3196,3402,2710,149,151
11/27/2020-20:59:15.426660-3517,3510,3704,2710,148,150
11/27/2020-21:00:22.774429-3764,3760,3929,2709,143,150
11/27/2020-21:01:30.154364-3956,3953,4098,2709,144,137
11/27/2020-21:02:37.517512-4108,4103,4222,2709,142,149
11/27/2020-21:03:44.913417-4223,4219,4313,2709,147,124
11/27/2020-21:04:52.277267-4309,4306,4380,2709,147,148
11/27/2020-21:05:59.640836-4322,4322,4351,2709,141,132
11/27/2020-21:07:07.005257-4226,4228,4222,2709,147,146
11/27/2020-21:08:14.351605-4109,4112,4082,2710,143,152
11/27/2020-21:09:21.713870-3981,3985,3939,2710,142,138
11/27/2020-21:10:29.094647-3860,3864,3809,2710,145,140
11/27/2020-21:11:36.456678-3738,3743,3685,2710,148,138
11/27/2020-21:12:43.805988-3628,3632,3570,2710,142,153
11/27/2020-21:13:51.153274-3523,3528,3465,2710,148,154
11/27/2020-21:14:58.516772-3430,3435,3369,2710,147,145
11/27/2020-21:16:05.896023-3343,3348,3280,2710,143,146
11/27/2020-21:17:13.243638-3266,3269,3203,2710,147,130
11/27/2020-21:18:20.591415-3193,3197,3131,2711,147,154
11/27/2020-21:19:27.938570-3130,3135,3069,2711,142,145
11/27/2020-21:20:35.318369-3073,3075,3012,2711,145,151
11/27/2020-21:21:42.681848-3020,3021,2961,2711,143,148
11/27/2020-21:22:50.045684-2970,2971,2914,2711,148,139
11/27/2020-21:23:57.409027-2924,2926,2871,2711,143,126
11/27/2020-21:25:04.772371-2883,2884,2833,2711,148,153
11/27/2020-21:26:12.167512-2846,2848,2798,2711,148,136
11/27/2020-21:27:19.563478-2813,2813,2768,2711,148,116
11/27/2020-21:28:26.944452-2785,2784,2763,2711,146,125
11/27/2020-21:29:34.323047-2949,2945,3020,2711,145,153
11/27/2020-21:30:41.702980-3220,3216,3356,2710,144,148
11/27/2020-21:31:49.066976-3513,3508,3667,2710,147,146
11/27/2020-21:32:56.413407-3765,3761,3914,2710,144,153
11/27/2020-21:34:03.776806-3971,3968,4103,2710,145,128
11/27/2020-21:35:11.141580-4130,4124,4240,2710,141,145
11/27/2020-21:36:18.503978-4251,4248,4341,2710,144,150
11/27/2020-21:37:25.852463-4343,4341,4418,2710,145,137
11/27/2020-21:38:33.199687-4413,4412,4474,2710,146,150
11/27/2020-21:39:40.563636-4468,4466,4516,2710,146,146
11/27/2020-21:40:47.910881-4513,4512,4550,2710,146,146
11/27/2020-21:41:55.291029-4548,4547,4577,2710,143,150
11/27/2020-21:43:02.653605-4576,4576,4601,2711,144,150
11/27/2020-21:44:10.017269-4601,4600,4619,2711,144,143
11/27/2020-21:45:17.380087-4620,4621,4638,2711,145,149
11/27/2020-21:46:24.791139-4562,4566,4536,2711,142,147
11/27/2020-21:47:32.138428-4452,4454,4410,2711,147,149
11/27/2020-21:48:39.518305-4329,4333,4274,2711,146,151
11/27/2020-21:49:46.865114-4202,4206,4131,2711,147,149
11/27/2020-21:50:54.214031-4076,4078,3992,2712,142,148
11/27/2020-21:52:01.577210-3953,3957,3876,2712,145,135
11/27/2020-21:53:08.939189-3836,3842,3758,2712,147,153
11/27/2020-21:54:16.303226-3730,3735,3651,2712,146,152
11/27/2020-21:55:23.650636-3634,3639,3555,2712,145,141
11/27/2020-21:56:30.998257-3544,3547,3469,2712,146,152
11/27/2020-21:57:38.376521-3463,3466,3388,2712,144,151
11/27/2020-21:58:45.740016-3385,3391,3312,2713,145,142
11/27/2020-21:59:53.088173-3319,3324,3245,2713,145,143
11/27/2020-22:01:00.468370-3259,3258,3189,2713,144,134
11/27/2020-22:02:07.847391-3200,3202,3134,2713,143,150
11/27/2020-22:03:15.225556-3148,3148,3083,2713,145,127
11/27/2020-22:04:22.606760-3099,3100,3035,2713,148,153
11/27/2020-22:05:29.954246-3054,3055,2995,2713,142,144
11/27/2020-22:06:37.302672-2999,3003,2948,2713,140,150
11/27/2020-22:07:44.682595-3097,3096,3134,2713,143,135
11/27/2020-22:08:52.078352-3335,3330,3442,2713,141,152
11/27/2020-22:09:59.441316-3607,3602,3742,2713,140,138
11/27/2020-22:11:06.820725-3854,3850,3986,2713,140,146
11/27/2020-22:12:14.184144-4051,4047,4172,2713,143,148
11/27/2020-22:13:21.532014-4205,4201,4309,2713,144,147
11/27/2020-22:14:28.880043-4323,4320,4410,2713,141,136
11/27/2020-22:15:36.212477-4413,4410,4482,2713,143,127
11/27/2020-22:16:43.560448-4481,4476,4536,2713,141,132
11/27/2020-22:17:50.923819-4531,4531,4578,2713,142,124
11/27/2020-22:18:58.287215-4572,4572,4611,2713,140,142
11/27/2020-22:20:05.634130-4606,4604,4635,2713,142,145
11/27/2020-22:21:12.981728-4633,4631,4655,2713,143,129
11/27/2020-22:22:20.360900-4656,4654,4672,2713,141,135
11/27/2020-22:23:27.725128-4674,4674,4689,2713,139,142
11/27/2020-22:24:35.072703-4690,4691,4703,2713,142,144
11/27/2020-22:25:42.436669-4704,4705,4714,2713,142,143
11/27/2020-22:26:49.816568-4721,4721,4727,2713,134,130
11/27/2020-22:27:57.180982-4734,4734,4740,2713,140,145
11/27/2020-22:29:04.560484-4706,4708,4686,2714,143,128
11/27/2020-22:30:11.956721-4585,4586,4540,2714,143,137
11/27/2020-22:31:19.334979-4489,4492,4470,2714,120,135
