11/27/2020-20:50:12.905685-2005,2004,1975,2819,174,144
11/27/2020-20:51:20.268032-2004,2003,1974,2818,173,144
11/27/2020-20:52:27.634302-2004,2003,1972,2818,173,144
11/27/2020-20:53:34.979639-2001,2000,1972,2817,173,145
11/27/2020-20:54:42.342630-2003,2002,1973,2818,173,144
11/27/2020-20:55:49.690258-2018,2017,1985,2818,173,146
11/27/2020-20:56:57.068596-2030,2029,1998,2817,173,144
11/27/2020-20:58:04.432081-2031,2031,2008,2817,173,145
11/27/2020-20:59:11.796085-2034,2033,2014,2817,173,144
11/27/2020-21:00:19.159917-2038,2037,2018,2816,173,144
11/27/2020-21:01:26.507252-2044,2043,2023,2816,173,145
11/27/2020-21:02:33.887145-2049,2048,2029,2817,173,143
11/27/2020-21:03:41.266745-2055,2055,2035,2816,174,145
11/27/2020-21:04:48.662763-2064,2064,2040,2815,173,145
11/27/2020-21:05:56.025628-2073,2072,2048,2816,173,144
11/27/2020-21:07:03.374487-2073,2072,2050,2816,174,144
11/27/2020-21:08:10.736300-2073,2072,2050,2815,173,144
11/27/2020-21:09:18.083762-2073,2072,2052,2815,173,142
11/27/2020-21:10:25.464012-2072,2071,2052,2815,173,144
11/27/2020-21:11:32.827560-2072,2072,2050,2816,173,142
11/27/2020-21:12:40.191872-2074,2073,2050,2816,173,144
11/27/2020-21:13:47.522883-2074,2073,2052,2815,173,143
11/27/2020-21:14:54.902482-2074,2073,2052,2815,173,143
11/27/2020-21:16:02.249646-2076,2075,2053,2814,173,144
11/27/2020-21:17:09.613415-2078,2077,2050,2814,173,144
11/27/2020-21:18:16.976346-2080,2079,2052,2815,173,143
11/27/2020-21:19:24.324283-2081,2081,2052,2815,173,142
11/27/2020-21:20:31.703080-2082,2080,2054,2815,173,142
11/27/2020-21:21:39.066263-2080,2079,2054,2814,173,143
11/27/2020-21:22:46.415070-2080,2078,2054,2813,173,140
11/27/2020-21:23:53.778263-2080,2079,2055,2813,173,142
11/27/2020-21:25:01.158249-2079,2078,2055,2813,173,142
11/27/2020-21:26:08.521634-2079,2078,2054,2813,173,141
11/27/2020-21:27:15.917177-2080,2079,2054,2813,173,143
11/27/2020-21:28:23.313614-2081,2081,2057,2813,173,142
11/27/2020-21:29:30.692377-2088,2087,2062,2813,173,143
11/27/2020-21:30:38.056959-2092,2091,2072,2813,173,141
11/27/2020-21:31:45.434936-2094,2093,2078,2813,173,142
11/27/2020-21:32:52.783762-2097,2097,2082,2813,173,143
11/27/2020-21:34:00.146774-2099,2098,2084,2812,173,140
11/27/2020-21:35:07.526886-2103,2102,2087,2813,173,143
11/27/2020-21:36:14.874176-2107,2107,2092,2813,173,141
11/27/2020-21:37:22.237716-2112,2111,2096,2813,173,143
11/27/2020-21:38:29.585199-2114,2113,2099,2812,173,144
11/27/2020-21:39:36.948066-2118,2118,2103,2811,173,145
11/27/2020-21:40:44.296973-2123,2122,2106,2812,173,144
11/27/2020-21:41:51.676446-2127,2127,2111,2812,173,142
11/27/2020-21:42:59.039198-2131,2131,2114,2811,173,142
11/27/2020-21:44:06.402654-2134,2135,2118,2811,173,142
11/27/2020-21:45:13.765611-2139,2137,2121,2811,173,141
11/27/2020-21:46:21.145415-2141,2140,2124,2811,173,142
11/27/2020-21:47:28.524903-2143,2142,2126,2812,173,141
11/27/2020-21:48:35.887902-2142,2141,2126,2812,173,142
11/27/2020-21:49:43.251577-2142,2140,2124,2812,173,141
11/27/2020-21:50:50.598595-2141,2140,2123,2811,173,143
11/27/2020-21:51:57.961816-2139,2140,2123,2810,173,143
11/27/2020-21:53:05.309633-2148,2147,2126,2810,173,144
11/27/2020-21:54:12.673272-2147,2146,2127,2810,173,143
11/27/2020-21:55:20.036067-2147,2146,2126,2810,173,143
11/27/2020-21:56:27.384218-2147,2145,2127,2810,173,142
11/27/2020-21:57:34.747192-2146,2145,2127,2809,174,143
11/27/2020-21:58:42.110775-2147,2146,2128,2809,173,145
11/27/2020-21:59:49.473994-2152,2151,2129,2810,174,143
11/27/2020-22:00:56.822262-2152,2152,2131,2809,173,143
11/27/2020-22:02:04.233220-2156,2153,2131,2810,173,143
11/27/2020-22:03:11.596099-2157,2156,2133,2810,173,144
11/27/2020-22:04:18.976608-2162,2161,2138,2809,173,148
11/27/2020-22:05:26.340390-2163,2164,2138,2809,173,144
11/27/2020-22:06:33.687447-2163,2162,2142,2809,173,144
11/27/2020-22:07:41.067458-2166,2165,2143,2809,173,143
11/27/2020-22:08:48.431352-2167,2166,2150,2809,173,145
11/27/2020-22:09:55.810436-2168,2166,2153,2810,173,145
11/27/2020-22:11:03.189306-2170,2170,2156,2809,173,143
11/27/2020-22:12:10.570017-2172,2171,2158,2809,173,143
11/27/2020-22:13:17.902091-2177,2176,2163,2809,174,144
11/27/2020-22:14:25.266304-2181,2181,2168,2808,173,144
11/27/2020-22:15:32.614004-2186,2185,2171,2808,173,143
11/27/2020-22:16:39.945485-2190,2190,2175,2807,173,143
11/27/2020-22:17:47.309154-2194,2194,2179,2807,173,143
11/27/2020-22:18:54.671635-2197,2198,2182,2807,174,144
11/27/2020-22:20:02.019335-2202,2203,2187,2808,174,145
11/27/2020-22:21:09.366600-2205,2205,2190,2807,173,144
11/27/2020-22:22:16.731184-2210,2209,2195,2807,173,143
11/27/2020-22:23:24.095150-2215,2215,2199,2808,173,144
11/27/2020-22:24:31.458238-2220,2219,2203,2808,173,144
11/27/2020-22:25:38.822614-2225,2224,2210,2807,173,143
11/27/2020-22:26:46.185439-2240,2241,2216,2806,172,136
11/27/2020-22:27:53.550092-2252,2251,2228,2808,173,143
11/27/2020-22:29:00.929834-2250,2251,2227,2806,173,145
11/27/2020-22:30:08.325157-2252,2251,2230,2807,173,147
11/27/2020-22:31:15.689649-2255,2256,2230,2806,169,133
