11/27/2020-20:50:17.734979-2379,2379,2417,2745,099,136
11/27/2020-20:51:25.098269-2374,2373,2413,2746,124,135
11/27/2020-20:52:32.446373-2369,2369,2410,2746,125,136
11/27/2020-20:53:39.825895-2367,2366,2407,2744,098,132
11/27/2020-20:54:47.172480-2419,2417,2499,2745,128,138
11/27/2020-20:55:54.536731-2782,2782,2968,2745,107,136
11/27/2020-20:57:01.883397-3187,3185,3424,2744,125,134
11/27/2020-20:58:09.261354-3523,3526,3790,2745,125,127
11/27/2020-20:59:16.626331-3786,3792,4056,2745,126,128
11/27/2020-21:00:23.990776-3984,3994,4247,2746,108,121
11/27/2020-21:01:31.353641-4137,4146,4391,2746,117,119
11/27/2020-21:02:38.732862-4260,4266,4500,2746,125,124
11/27/2020-21:03:46.112596-4351,4355,4577,2747,123,112
11/27/2020-21:04:53.492491-4424,4430,4638,2747,123,121
11/27/2020-21:06:00.857086-4365,4370,4521,2746,121,123
11/27/2020-21:07:08.204070-4134,4133,4171,2746,124,126
11/27/2020-21:08:15.550850-3824,3825,3773,2745,124,122
11/27/2020-21:09:22.931175-3586,3588,3456,2746,125,130
11/27/2020-21:10:30.309228-3426,3428,3310,2745,116,130
11/27/2020-21:11:37.657941-3291,3293,3169,2745,122,127
11/27/2020-21:12:45.005256-3196,3197,3085,2745,122,127
11/27/2020-21:13:52.367574-3116,3118,2989,2745,128,134
11/27/2020-21:14:59.716215-3033,3034,2916,2745,125,131
11/27/2020-21:16:07.095318-2950,2951,2837,2744,106,131
11/27/2020-21:17:14.444003-2903,2901,2792,2744,128,136
11/27/2020-21:18:21.806270-2866,2866,2763,2744,129,132
11/27/2020-21:19:29.153031-2826,2825,2728,2744,100,132
11/27/2020-21:20:36.533769-2780,2778,2691,2743,124,129
11/27/2020-21:21:43.897146-2750,2750,2667,2743,123,130
11/27/2020-21:22:51.245339-2724,2724,2647,2743,126,136
11/27/2020-21:23:58.624710-2698,2697,2626,2743,125,136
11/27/2020-21:25:05.972286-2675,2676,2608,2743,128,132
11/27/2020-21:26:13.368372-2654,2653,2586,2743,129,135
11/27/2020-21:27:20.779865-2623,2623,2560,2743,112,130
11/27/2020-21:28:28.143753-2666,2663,2706,2743,120,130
11/27/2020-21:29:35.538692-3019,3018,3177,2743,111,134
11/27/2020-21:30:42.902540-3395,3395,3626,2742,109,126
11/27/2020-21:31:50.266631-3702,3704,3952,2742,126,129
11/27/2020-21:32:57.614319-3930,3936,4190,2743,119,127
11/27/2020-21:34:04.992648-4105,4110,4358,2744,107,118
11/27/2020-21:35:12.340723-4241,4246,4477,2744,104,124
11/27/2020-21:36:19.703494-4336,4342,4573,2742,121,124
11/27/2020-21:37:27.051366-4422,4427,4642,2743,123,116
11/27/2020-21:38:34.414847-4484,4488,4690,2743,122,119
11/27/2020-21:39:41.779425-4533,4536,4733,2743,121,121
11/27/2020-21:40:49.125495-4578,4583,4770,2743,120,116
11/27/2020-21:41:56.505742-4612,4616,4801,2743,109,119
11/27/2020-21:43:03.853079-4643,4648,4825,2743,116,108
11/27/2020-21:44:11.232744-4670,4674,4848,2744,122,106
11/27/2020-21:45:18.594767-4690,4696,4861,2743,118,118
11/27/2020-21:46:25.991675-4546,4552,4656,2743,119,117
11/27/2020-21:47:33.338922-4339,4340,4335,2744,119,115
11/27/2020-21:48:40.717763-4062,4062,3966,2743,121,121
11/27/2020-21:49:48.065924-3823,3825,3703,2742,123,129
11/27/2020-21:50:55.428754-3666,3667,3518,2742,099,131
11/27/2020-21:52:02.776547-3531,3531,3382,2742,123,127
11/27/2020-21:53:10.139616-3410,3412,3257,2742,122,130
11/27/2020-21:54:17.502816-3311,3311,3170,2743,124,134
11/27/2020-21:55:24.850366-3231,3233,3093,2742,107,134
11/27/2020-21:56:32.213485-3165,3167,3032,2742,119,134
11/27/2020-21:57:39.592937-3098,3099,2973,2741,119,130
11/27/2020-21:58:46.940884-3053,3055,2935,2742,116,132
11/27/2020-21:59:54.304728-2961,2960,2831,2741,122,132
11/27/2020-22:01:01.684129-2881,2880,2758,2740,122,131
11/27/2020-22:02:09.046980-2817,2816,2696,2740,121,135
11/27/2020-22:03:16.441093-2766,2764,2656,2740,121,135
11/27/2020-22:04:23.806410-2723,2722,2609,2740,115,134
11/27/2020-22:05:31.154571-2676,2676,2575,2741,123,133
11/27/2020-22:06:38.517454-2709,2704,2702,2740,119,136
11/27/2020-22:07:45.898313-3083,3081,3216,2740,104,130
11/27/2020-22:08:53.277140-3473,3476,3678,2740,078,127
11/27/2020-22:10:00.640936-3789,3792,4024,2741,097,129
11/27/2020-22:11:08.036252-4029,4034,4269,2741,100,127
11/27/2020-22:12:15.383718-4209,4207,4438,2741,119,118
11/27/2020-22:13:22.731663-4335,4340,4565,2741,094,115
11/27/2020-22:14:30.095222-4439,4445,4656,2742,115,114
11/27/2020-22:15:37.412255-4509,4515,4720,2742,118,116
11/27/2020-22:16:44.759429-4567,4570,4768,2742,116,119
11/27/2020-22:17:52.122487-4611,4614,4805,2742,098,110
11/27/2020-22:18:59.501772-4642,4648,4828,2741,098,112
11/27/2020-22:20:06.834236-4673,4677,4852,2741,116,109
11/27/2020-22:21:14.195893-4694,4699,4871,2742,115,115
11/27/2020-22:22:21.560997-4719,4723,4892,2741,113,114
11/27/2020-22:23:28.924792-4741,4745,4911,2741,107,107
11/27/2020-22:24:36.272467-4754,4760,4924,2741,111,105
11/27/2020-22:25:43.636222-4773,4776,4940,2741,098,116
11/27/2020-22:26:51.032366-4786,4792,4950,2741,118,116
11/27/2020-22:27:58.380148-4800,4806,4961,2742,108,109
11/27/2020-22:29:05.776187-4723,4728,4845,2741,101,108
11/27/2020-22:30:13.156351-4535,4535,4543,2742,105,114
11/27/2020-22:31:20.536163-4243,4239,4168,2741,120,118
