11/27/2020-20:50:15.304045-2254,2255,2205,2441,128,125
11/27/2020-20:51:22.683295-2249,2250,2192,2439,132,127
11/27/2020-20:52:30.045660-2241,2243,2179,2439,116,124
11/27/2020-20:53:37.409683-2238,2239,2169,2439,127,123
11/27/2020-20:54:44.757719-2244,2245,2201,2439,137,124
11/27/2020-20:55:52.105363-2373,2374,2360,2439,137,134
11/27/2020-20:56:59.468996-2620,2621,2651,2438,115,131
11/27/2020-20:58:06.831344-2913,2913,2990,2438,118,136
11/27/2020-20:59:14.211311-3204,3202,3318,2437,126,131
11/27/2020-21:00:21.575334-3470,3469,3603,2437,130,122
11/27/2020-21:01:28.937953-3699,3699,3838,2437,126,136
11/27/2020-21:02:36.301868-3880,3878,4027,2438,132,121
11/27/2020-21:03:43.697753-4040,4039,4177,2438,128,110
11/27/2020-21:04:51.077244-4170,4170,4298,2437,123,131
11/27/2020-21:05:58.425725-4263,4262,4375,2437,115,113
11/27/2020-21:07:05.789350-4264,4265,4335,2438,120,136
11/27/2020-21:08:13.152360-4224,4226,4268,2438,118,127
11/27/2020-21:09:20.500071-4163,4164,4174,2438,131,138
11/27/2020-21:10:27.894401-4089,4090,4062,2439,131,118
11/27/2020-21:11:35.242353-4003,4005,3948,2439,129,132
11/27/2020-21:12:42.607186-3912,3913,3836,2439,135,114
11/27/2020-21:13:49.953619-3818,3821,3728,2438,123,136
11/27/2020-21:14:57.316735-3723,3726,3620,2438,126,135
11/27/2020-21:16:04.679896-3629,3631,3511,2438,124,141
11/27/2020-21:17:12.028215-3538,3541,3406,2438,137,133
11/27/2020-21:18:19.375558-3451,3451,3310,2438,128,135
11/27/2020-21:19:26.738946-3363,3366,3219,2438,138,133
11/27/2020-21:20:34.102947-3284,3286,3135,2438,121,136
11/27/2020-21:21:41.482093-3210,3213,3060,2438,138,131
11/27/2020-21:22:48.845109-3141,3144,2992,2438,126,138
11/27/2020-21:23:56.209865-3078,3080,2929,2438,130,132
11/27/2020-21:25:03.573112-3019,3021,2872,2438,138,138
11/27/2020-21:26:10.953035-2964,2966,2788,2438,137,131
11/27/2020-21:27:18.348396-2908,2910,2725,2437,138,131
11/27/2020-21:28:25.728558-2871,2873,2750,2437,138,133
11/27/2020-21:29:33.107714-2947,2950,2880,2437,136,131
11/27/2020-21:30:40.487287-3125,3127,3114,2436,126,137
11/27/2020-21:31:47.850243-3344,3344,3388,2436,134,140
11/27/2020-21:32:55.198660-3563,3563,3646,2436,128,140
11/27/2020-21:34:02.562564-3771,3770,3873,2436,136,138
11/27/2020-21:35:09.941074-3939,3939,4060,2436,135,130
11/27/2020-21:36:17.288553-4090,4090,4209,2436,121,113
11/27/2020-21:37:24.652607-4212,4213,4333,2437,131,122
11/27/2020-21:38:31.984221-4314,4317,4428,2436,124,134
11/27/2020-21:39:39.348380-4396,4394,4503,2436,131,114
11/27/2020-21:40:46.711174-4452,4452,4560,2437,134,117
11/27/2020-21:41:54.090594-4506,4506,4608,2436,131,124
11/27/2020-21:43:01.454265-4564,4563,4648,2436,123,124
11/27/2020-21:44:08.801916-4598,4598,4683,2437,130,116
11/27/2020-21:45:16.180862-4625,4628,4713,2437,130,125
11/27/2020-21:46:23.575117-4645,4644,4707,2437,128,122
11/27/2020-21:47:30.924298-4560,4565,4621,2437,126,123
11/27/2020-21:48:38.302172-4489,4495,4520,2437,126,130
11/27/2020-21:49:45.650415-4420,4422,4407,2437,133,139
11/27/2020-21:50:53.014257-4332,4335,4293,2437,124,119
11/27/2020-21:52:00.360795-4216,4220,4167,2437,136,124
11/27/2020-21:53:07.724696-4142,4143,4046,2437,134,141
11/27/2020-21:54:15.087824-4047,4050,3930,2438,124,136
11/27/2020-21:55:22.450180-3949,3952,3820,2437,134,105
11/27/2020-21:56:29.798500-3851,3852,3711,2437,131,104
11/27/2020-21:57:37.161703-3758,3761,3610,2438,122,130
11/27/2020-21:58:44.524558-3664,3667,3510,2437,131,148
11/27/2020-21:59:51.889286-3575,3578,3410,2437*135,144, CRC_ERR
11/27/2020-22:00:59.252811-3490,3493,3319,2437,138,144
11/27/2020-22:02:06.631887-3409,3411,3239,2437,133,094
11/27/2020-22:03:14.011942-3334,3335,3160,2437,142,143, CRC_ERR
11/27/2020-22:04:21.391398-3256,3261,3104,2436,142,144
11/27/2020-22:05:28.755506-3197,3201,3002,2436,141,145
11/27/2020-22:06:36.102882-3145,3149,2994,2437,145,125
11/27/2020-22:07:43.483092-3171,3174,3079,2436,129,146
11/27/2020-22:08:50.862421-3304,3305,3266,2436-142,145, CRC_ERR
11/27/2020-22:09:58.225785-3491,3492,3511,2436,145,113
11/27/2020-22:11:05.621381-3692,3693,3754,2436,143,127
11/27/2020-22:12:12.969026-3878,3877,3967,2436,142,147
11/27/2020-22:13:20.317393-4043,4042,4145,2436,142,147
11/27/2020-22:14:27.680612-4182,4184,4289,2435,143,125
11/27/2020-22:15:35.011090-4297,4297,4406,2435,132,135
11/27/2020-22:16:42.344190-4390,4390,4498,2435,139,113
11/27/2020-22:17:49.708327-4473,4472,4571,2436,138,140
11/27/2020-22:18:57.086710-4533,4533,4629,2436,142,137
11/27/2020-22:20:04.434361-4584,4585,4675,2435,142,132
11/27/2020-22:21:11.780918-4629,4631,4715,2435,138,133
11/27/2020-22:22:19.146554-4666,4667,4747,2436,137,140
11/27/2020-22:23:26.525526-4706,4705,4773,2435,134,128
11/27/2020-22:24:33.872387-4716,4716,4794,2435,129,141
11/27/2020-22:25:41.237197-4741,4744,4813,2436,139,118
11/27/2020-22:26:48.601183-4766,4769,4828,2436,138,120
11/27/2020-22:27:55.965511-4792,4791,4844,2436,133,142
11/27/2020-22:29:03.345473-4801,4800,4846,2436,140,125
11/27/2020-22:30:10.741113-4725,4726,4753,2436,134,139
11/27/2020-22:31:18.120681-4645,4651,4654,2436,165,154
