11/27/2020-20:50:14.104034-2096,2095,2123,2874,133,118
11/27/2020-20:51:21.467790-2092,2091,2122,2874,132,119
11/27/2020-20:52:28.831089-2093,2094,2119,2873,128,122
11/27/2020-20:53:36.196152-2093,2091,2122,2875,133,119
11/27/2020-20:54:43.557846-2102,2101,2128,2874,134,123
11/27/2020-20:55:50.905173-2130,2130,2149,2874,132,120
11/27/2020-20:56:58.269361-2151,2153,2168,2873,129,122
11/27/2020-20:58:05.632491-2167,2166,2182,2875,127,119
11/27/2020-20:59:13.011013-2180,2178,2197,2873,121,116
11/27/2020-21:00:20.375427-2194,2196,2211,2874,129,117
11/27/2020-21:01:27.722815-2209,2205,2223,2872,129,119
11/27/2020-21:02:35.102455-2218,2216,2233,2873,129,118
11/27/2020-21:03:42.482220-2232,2233,2241,2873,131,117
11/27/2020-21:04:49.861564-2241,2238,2243,2873,130,120
11/27/2020-21:05:57.226162-2248,2246,2254,2873,130,116
11/27/2020-21:07:04.589938-2243,2244,2263,2873,129,113
11/27/2020-21:08:11.952942-2231,2227,2240,2873,134,120
11/27/2020-21:09:19.299602-2213,2215,2228,2872,135,122
11/27/2020-21:10:26.680444-2202,2200,2215,2873,138,126
11/27/2020-21:11:34.042808-2184,2191,2201,2873,130,118
11/27/2020-21:12:41.391674-2176,2176,2186,2872,133,123
11/27/2020-21:13:48.738611-2152,2153,2168,2872,122,119
11/27/2020-21:14:56.102327-2148,2149,2162,2871,135,115
11/27/2020-21:16:03.465490-2138,2136,2153,2871,134,122
11/27/2020-21:17:10.827877-2131,2130,2148,2872,135,124
11/27/2020-21:18:18.176374-2137,2138,2152,2873,136,126
11/27/2020-21:19:25.523653-2140,2139,2149,2872,140,129
11/27/2020-21:20:32.902318-2130,2129,2147,2872,138,125
11/27/2020-21:21:40.267365-2122,2122,2138,2873,128,116
11/27/2020-21:22:47.630522-2121,2121,2136,2872,135,123
11/27/2020-21:23:54.992773-2117,2117,2132,2872,133,122
11/27/2020-21:25:02.357716-2114,2115,2130,2872,124,119
11/27/2020-21:26:09.736803-2112,2111,2119,2872,127,122
11/27/2020-21:27:17.132740-2111,2110,2118,2871,126,116
11/27/2020-21:28:24.528439-2107,2106,2114,2871,130,117
11/27/2020-21:29:31.908402-2109,2110,2119,2872,128,119
11/27/2020-21:30:39.270838-2120,2122,2133,2870,130,118
11/27/2020-21:31:46.635813-2133,2132,2142,2872,134,124
11/27/2020-21:32:53.999793-2148,2148,2160,2871,129,114
11/27/2020-21:34:01.362048-2167,2167,2180,2870,134,123
11/27/2020-21:35:08.740712-2178,2177,2184,2871,135,125
11/27/2020-21:36:16.088677-2185,2182,2185,2871,130,124
11/27/2020-21:37:23.436995-2189,2186,2196,2870,130,124
11/27/2020-21:38:30.784928-2189,2190,2193,2870,129,120
11/27/2020-21:39:38.148344-2193,2192,2199,2870,135,124
11/27/2020-21:40:45.495959-2198,2191,2194,2870,133,123
11/27/2020-21:41:52.890916-2198,2199,2205,2870,140,130
11/27/2020-21:43:00.238599-2207,2202,2208,2871,142,129
11/27/2020-21:44:07.602228-2207,2208,2218,2869,133,126
11/27/2020-21:45:14.980980-2209,2210,2220,2871,138,128
11/27/2020-21:46:22.360322-2215,2214,2223,2869,140,123
11/27/2020-21:47:29.724566-2207,2206,2218,2870,135,126
11/27/2020-21:48:37.087709-2199,2199,2210,2870,139,128
11/27/2020-21:49:44.450879-2185,2183,2198,2870,140,131
11/27/2020-21:50:51.812779-2177,2176,2190,2870,139,127
11/27/2020-21:51:59.162061-2166,2159,2176,2872,140,128
11/27/2020-21:53:06.525674-2164,2163,2175,2869,136,127
11/27/2020-21:54:13.872509-2157,2161,2171,2869,135,127
11/27/2020-21:55:21.236532-2157,2162,2170,2869,141,126
11/27/2020-21:56:28.598849-2156,2156,2168,2869,136,125
11/27/2020-21:57:35.962159-2153,2153,2163,2869,139,126
11/27/2020-21:58:43.310365-2150,2150,2161,2870,138,125
11/27/2020-21:59:50.673714-2146,2148,2160,2869,138,125
11/27/2020-22:00:58.037310-2138,2135,2148,2869,137,129
11/27/2020-22:02:05.432409-2128,2126,2142,2869,136,128
11/27/2020-22:03:12.811919-2126,2127,2139,2869,137,124
11/27/2020-22:04:20.191900-2114,2114,2132,2869,137,128
11/27/2020-22:05:27.539500-2113,2119,2131,2868,137,125
11/27/2020-22:06:34.903304-2113,2114,2126,2869,134,124
11/27/2020-22:07:42.282888-2115,2116,2127,2869,138,129
11/27/2020-22:08:49.646674-2125,2125,2133,2868,139,124
11/27/2020-22:09:57.026032-2136,2135,2143,2868,138,129
11/27/2020-22:11:04.406139-2142,2143,2150,2868,137,127
11/27/2020-22:12:11.769351-2151,2149,2154,2868,139,126
11/27/2020-22:13:19.117008-2155,2156,2158,2868,138,126
11/27/2020-22:14:26.464826-2159,2158,2161,2869,140,127
11/27/2020-22:15:33.812281-2166,2163,2167,2868,136,125
11/27/2020-22:16:41.143997-2170,2168,2171,2867,142,129
11/27/2020-22:17:48.508898-2170,2173,2179,2868,140,127
11/27/2020-22:18:55.870880-2171,2178,2181,2868,136,127
11/27/2020-22:20:03.218887-2179,2180,2181,2867,140,126
11/27/2020-22:21:10.566556-2181,2181,2185,2869,137,125
11/27/2020-22:22:17.946776-2190,2182,2189,2868,140,126
11/27/2020-22:23:25.309741-2191,2191,2200,2867,138,125
11/27/2020-22:24:32.657180-2197,2196,2204,2867,137,128
11/27/2020-22:25:40.022331-2199,2200,2209,2867,138,127
11/27/2020-22:26:47.401794-2205,2205,2217,2867,136,123
11/27/2020-22:27:54.764044-2209,2209,2217,2868,141,129
11/27/2020-22:29:02.129147-2207,2210,2215,2867,138,128
11/27/2020-22:30:09.525640-2205,2202,2212,2867,138,128
11/27/2020-22:31:16.904416-2195,2197,2207,2866,145,133
