11/27/2020-20:50:18.934483-2405,2405,2379,2878,131,117
11/27/2020-20:51:26.297626-2400,2399,2374,2878,129,110
11/27/2020-20:52:33.661218-2394,2393,2369,2878,131,107
11/27/2020-20:53:41.024621-2391,2390,2365,2878,130,112
11/27/2020-20:54:48.372129-2832,2851,2927,2878,130,113
11/27/2020-20:55:55.736067-3752,3765,3912,2878,129,115
11/27/2020-20:57:03.097584-4331,4340,4473,2877,128,116
11/27/2020-20:58:10.461938-4674,4679,4786,2878,127,118
11/27/2020-20:59:17.841673-4883,4889,4976,2876,127,115
11/27/2020-21:00:25.190000-5021,5024,5093,2877,126,115
11/27/2020-21:01:32.568939-5116,5117,5171,2877,126,114
11/27/2020-21:02:39.932070-5183,5184,5226,2877,125,115
11/27/2020-21:03:47.327421-5222,5222,5257,2877,125,115
11/27/2020-21:04:54.691875-5263,5263,5292,2876,123,113
11/27/2020-21:06:02.055819-4862,4849,4809,2876,126,115
11/27/2020-21:07:09.403936-4312,4327,3984,2876,127,118
11/27/2020-21:08:16.766922-3883,3895,3597,2876,127,118
11/27/2020-21:09:24.130863-3660,3672,3379,2876,126,111
11/27/2020-21:10:31.509672-3440,3452,3157,2876,126,108
11/27/2020-21:11:38.857200-3254,3263,2990,2877,127,122
11/27/2020-21:12:46.204523-3128,3134,2869,2876,129,118
11/27/2020-21:13:53.568079-3016,3023,2755,2876,128,112
11/27/2020-21:15:00.931507-2933,2940,2703,2876,127,118
11/27/2020-21:16:08.295057-2903,2906,2666,2877,131,124
11/27/2020-21:17:15.657762-2843,2846,2622,2877,129,123
11/27/2020-21:18:23.005486-2792,2796,2599,2877,129,122
11/27/2020-21:19:30.368513-2761,2764,2570,2876,127,117
11/27/2020-21:20:37.748824-2696,2699,2519,2876,131,124
11/27/2020-21:21:45.096840-2678,2681,2501,2876,127,120
11/27/2020-21:22:52.460922-2631,2633,2469,2876,127,121
11/27/2020-21:23:59.824282-2621,2623,2454,2876,127,100
11/27/2020-21:25:07.186679-2565,2567,2425,2876,127,121
11/27/2020-21:26:14.583739-2530,2531,2398,2876,130,102
11/27/2020-21:27:21.978768-2492,2494,2368,2876,128,112
11/27/2020-21:28:29.359528-3123,3142,3200,2876,128,108
11/27/2020-21:29:36.738106-3986,4001,4119,2876,127,118
11/27/2020-21:30:44.101751-4482,4491,4604,2876,125,112
11/27/2020-21:31:51.465228-4775,4779,4873,2875,126,115
11/27/2020-21:32:58.829235-4955,4957,5032,2875,125,114
11/27/2020-21:34:06.191939-5074,5076,5136,2875,124,113
11/27/2020-21:35:13.540511-5150,5151,5200,2875,123,114
11/27/2020-21:36:20.918089-5209,5209,5246,2875,123,113
11/27/2020-21:37:28.265859-5252,5253,5283,2875,125,116
11/27/2020-21:38:35.615327-5292,5292,5315,2875,123,114
11/27/2020-21:39:42.978027-5302,5302,5320,2875,126,116
11/27/2020-21:40:50.342353-5322,5322,5338,2875,123,114
11/27/2020-21:41:57.705522-5337,5336,5351,2874,125,116
11/27/2020-21:43:05.068822-5350,5350,5363,2874,123,113
11/27/2020-21:44:12.447262-5359,5359,5369,2874,124,114
11/27/2020-21:45:19.810815-5353,5349,5355,2874,122,112
11/27/2020-21:46:27.205536-4843,4830,4760,2873,126,116
11/27/2020-21:47:34.553372-4343,4357,4050,2874,126,115
11/27/2020-21:48:41.917353-3880,3895,3551,2874,128,119
11/27/2020-21:49:49.264843-3617,3627,3300,2875,126,118
11/27/2020-21:50:56.628148-3467,3475,3098,2874,127,117
11/27/2020-21:52:03.975350-3293,3300,2995,2875,129,116
11/27/2020-21:53:11.354303-3162,3166,2882,2875,127,118
11/27/2020-21:54:18.702279-3037,3044,2799,2875,130,122
11/27/2020-21:55:26.065627-2961,2967,2734,2875,128,119
11/27/2020-21:56:33.429325-2900,2905,2686,2875,130,118
11/27/2020-21:57:40.792382-2836,2840,2634,2875,128,122
11/27/2020-21:58:48.140530-2800,2803,2609,2874,131,122
11/27/2020-21:59:55.503336-2705,2708,2542,2875,130,122
11/27/2020-22:01:02.899153-2641,2645,2494,2875,130,122
11/27/2020-22:02:10.262225-2588,2592,2437,2875,129,114
11/27/2020-22:03:17.657641-2536,2539,2417,2875,129,108
11/27/2020-22:04:25.022130-2510,2513,2368,2875,128,116
11/27/2020-22:05:32.369864-2470,2472,2372,2875,129,124
11/27/2020-22:06:39.733407-2917,2938,2954,2875,131,123
11/27/2020-22:07:47.113837-3925,3937,4049,2874,128,118
11/27/2020-22:08:54.492578-4469,4476,4587,2874,127,114
11/27/2020-22:10:01.855196-4782,4788,4883,2874,127,116
11/27/2020-22:11:09.234548-4975,4978,5054,2874,126,114
11/27/2020-22:12:16.583249-5099,5102,5162,2874,125,116
11/27/2020-22:13:23.947665-5180,5180,5229,2874,124,115
11/27/2020-22:14:31.294976-5238,5239,5277,2874,124,114
11/27/2020-22:15:38.627005-5282,5282,5313,2873,125,116
11/27/2020-22:16:45.974432-5314,5314,5338,2873,124,116
11/27/2020-22:17:53.338165-5335,5337,5357,2873,125,115
11/27/2020-22:19:00.701093-5356,5354,5372,2873,124,116
11/27/2020-22:20:08.033697-5370,5369,5383,2873,125,114
11/27/2020-22:21:15.412936-5382,5382,5392,2873,124,114
11/27/2020-22:22:22.775120-5391,5391,5401,2873,124,116
11/27/2020-22:23:30.139944-5399,5399,5406,2873,124,114
11/27/2020-22:24:37.486970-5408,5407,5414,2873,125,116
11/27/2020-22:25:44.851237-5417,5417,5424,2873,123,114
11/27/2020-22:26:52.232025-5420,5419,5424,2873,124,115
11/27/2020-22:27:59.594443-5426,5426,5431,2873,125,115
11/27/2020-22:29:06.991241-5099,5089,5042,2873,125,115
11/27/2020-22:30:14.371937-4534,4544,4273,2873,127,116
11/27/2020-22:31:21.749917-4054,4067,3657,2872,098,104
