11/29/2020-14:21:52.226128-2215,2216,2220,2749,150,140
11/29/2020-14:22:59.561277-2212,2211,2220,2749,150,140
11/29/2020-14:24:06.927560-2214,2219,2226,2748,149,137
11/29/2020-14:25:14.278399-2227,2228,2230,2749,151,141
11/29/2020-14:26:21.644392-2239,2237,2239,2749,150,139
11/29/2020-14:27:28.964155-2245,2243,2242,2748,151,140
11/29/2020-14:28:36.346941-2246,2244,2242,2749,151,140
11/29/2020-14:29:43.698012-2246,2244,2239,2749,150,140
11/29/2020-14:30:51.048898-2250,2248,2239,2749,148,138
11/29/2020-14:31:58.431622-2251,2249,2242,2749,150,139
11/29/2020-14:33:05.798680-2253,2253,2247,2748,151,140
11/29/2020-14:34:13.165492-2256,2257,2250,2748,149,140
11/29/2020-14:35:20.547835-2260,2261,2254,2749,149,139
11/29/2020-14:36:27.914649-2269,2267,2264,2748,148,138
11/29/2020-14:37:35.298116-2272,2272,2271,2748,151,138
11/29/2020-14:38:42.664339-2275,2271,2263,2748,149,139
11/29/2020-14:39:50.047379-2273,2271,2263,2748,148,138
11/29/2020-14:40:57.461592-2274,2267,2257,2748,150,138
11/29/2020-14:42:04.797421-2269,2268,2259,2748,148,138
11/29/2020-14:43:12.180745-2270,2268,2264,2748,149,139
11/29/2020-14:44:19.514981-2273,2271,2268,2748,149,139
11/29/2020-14:45:26.899186-2277,2275,2276,2748,148,139
11/29/2020-14:46:34.234880-2277,2274,2268,2748,150,139
11/29/2020-14:47:41.649651-2275,2275,2268,2747,150,139
11/29/2020-14:48:49.033618-2275,2276,2274,2748,149,139
11/29/2020-14:49:56.352566-2275,2281,2278,2747,149,138
11/29/2020-14:51:03.703795-2274,2273,2274,2747,150,139
11/29/2020-14:59:15.736458-2242,2238,2238,2747,145,135
11/29/2020-15:00:23.086981-2234,2233,2233,2747,149,139
11/29/2020-15:45:56.935955-2340,2340,2351,2745,150,139
11/29/2020-15:47:04.319753-2343,2342,2354,2745,149,140
11/29/2020-15:48:11.700907-2343,2343,2352,2745,149,139
11/29/2020-15:49:19.052207-2344,2341,2355,2745,149,139
11/29/2020-15:50:26.403678-2340,2340,2355,2745,149,139
11/29/2020-15:51:33.737993-2340,2340,2356,2744,149,139
11/29/2020-15:52:41.088439-2337,2337,2355,2745,150,139
11/29/2020-15:53:48.438500-2339,2337,2353,2745,150,139
11/29/2020-15:54:55.821034-2332,2332,2355,2744,149,139
11/29/2020-15:56:03.170177-2327,2324,2348,2744,151,140
11/29/2020-15:57:10.538041-2318,2318,2343,2744,149,139
11/29/2020-15:58:18.286913-2320,2318,2341,2744,149,139
11/29/2020-15:59:25.654891-2316,2316,2341,2745,149,139
11/29/2020-16:00:33.020916-2308,2307,2336,2743,149,139
11/29/2020-16:01:40.386813-2311,2310,2334,2744,150,138
11/29/2020-16:02:47.752381-2304,2304,2333,2744,149,140
11/29/2020-16:03:55.103357-2299,2300,2329,2743,150,139
11/29/2020-16:05:02.470482-2299,2296,2327,2742,150,140
11/29/2020-16:06:09.820571-2289,2289,2319,2744,150,139
11/29/2020-16:13:17.020328-2279,2280,2316,2743,150,139
11/29/2020-16:42:38.719968-2285,2281,2306,2743,152,141
11/29/2020-16:43:46.085851-2280,2278,2305,2742,151,140
11/29/2020-16:44:53.469181-2285,2277,2303,2743,151,141
11/29/2020-16:46:00.819365-2290,2290,2313,2742,152,140
11/29/2020-16:47:08.201728-2289,2288,2310,2743,151,140
11/29/2020-16:48:15.567265-2292,2291,2313,2743,152,140
11/29/2020-16:49:22.933634-2279,2280,2310,2742,152,141
11/29/2020-16:50:30.299160-2266,2267,2300,2743,151,140
11/29/2020-16:51:37.666093-2276,2275,2302,2742,151,139
11/29/2020-16:52:45.015924-2284,2283,2305,2743,150,141
11/29/2020-16:53:52.383076-2283,2282,2307,2742,150,140
11/29/2020-16:54:59.749438-2282,2282,2307,2742,150,140
11/29/2020-16:56:07.114875-2282,2279,2304,2743,151,140
11/29/2020-16:57:14.464184-2282,2281,2305,2743,151,141
11/29/2020-16:58:21.846470-2278,2277,2306,2742,151,140
11/29/2020-16:59:29.196813-2272,2279,2304,2742,149,140
11/29/2020-17:00:36.578213-2285,2282,2305,2742,152,142
11/29/2020-17:01:43.945090-2278,2276,2304,2741,151,140
11/29/2020-17:02:51.310751-2280,2279,2305,2742,152,142
11/29/2020-17:03:58.693554-2283,2282,2306,2741,151,141
11/29/2020-17:05:06.059925-2283,2282,2306,2741,150,141
11/29/2020-17:06:13.424833-2288,2287,2309,2741,150,140
11/29/2020-17:07:20.807602-2284,2285,2308,2741,150,139
11/29/2020-17:08:28.172928-2283,2282,2305,2742,149,139
11/29/2020-17:09:35.523388-2281,2281,2305,2742,150,139
11/29/2020-17:10:42.904654-2280,2284,2308,2741,152,142
11/29/2020-17:11:50.287597-2280,2282,2308,2741,152,141
11/29/2020-17:12:57.653147-2279,2281,2308,2742,152,142
11/29/2020-17:14:05.020454-2278,2279,2307,2741,151,141
11/29/2020-17:15:12.385204-2271,2277,2305,2741,152,140
11/29/2020-17:16:19.752320-2276,2271,2297,2742,149,139
11/29/2020-17:17:27.102732-2275,2275,2301,2742,153,142
11/29/2020-17:18:34.435557-2275,2277,2303,2741,152,142
11/29/2020-17:19:41.785842-2279,2280,2304,2741,152,142
11/29/2020-17:20:49.152586-2276,2272,2301,2741,150,140
11/29/2020-17:20:59.853915-2274,2275,2304,2741,150,139
11/29/2020-17:22:07.219924-2278,2276,2301,2741,149,139
11/29/2020-17:23:14.587319-2285,2284,2303,2741,151,140
11/29/2020-17:24:21.952952-2275,2271,2299,2741,153,142
11/29/2020-17:24:37.275894-2271,2271,2300,2740,151,141
11/29/2020-17:25:44.627017-2266,2268,2297,2740,152,142
11/29/2020-17:26:52.008694-2262,2258,2291,2741,150,141
11/29/2020-17:27:59.374510-2259,2254,2282,2741,152,141
11/29/2020-17:29:06.741258-2255,2254,2285,2740,152,141
11/29/2020-17:30:14.091973-2254,2256,2283,2740,151,141
11/29/2020-17:31:21.472313-2256,2256,2283,2740,152,141
11/29/2020-17:32:28.839583-2257,2253,2275,2740,150,140
11/29/2020-17:33:36.174060-2247,2240,2269,2740,151,140
11/29/2020-17:34:43.523714-2240,2238,2264,2741,150,140
11/29/2020-17:35:50.874241-2234,2232,2261,2740,150,140
11/29/2020-17:36:58.240570-2228,2228,2253,2740,149,140
11/29/2020-17:38:05.590026-2226,2226,2252,2740,151,141
11/29/2020-17:39:12.971550-2223,2221,2248,2740,151,140
11/29/2020-17:40:20.305752-2221,2220,2245,2739,148,139
11/29/2020-17:41:27.672542-2217,2215,2243,2740,149,140
11/29/2020-17:42:35.022193-2212,2210,2239,2740,151,140
11/29/2020-17:43:42.387810-2212,2209,2239,2740,150,140
11/29/2020-17:44:49.737445-2209,2207,2238,2740,151,140
11/29/2020-17:45:57.103784-2208,2209,2235,2740,150,139
11/29/2020-17:47:04.453122-2207,2205,2234,2740,149,139
11/29/2020-17:48:11.803312-2200,2200,2231,2740,151,140
11/29/2020-17:49:19.135877-2203,2209,2234,2740,150,140
11/29/2020-17:50:26.502698-2216,2216,2238,2740,151,140
11/29/2020-17:51:33.868061-2209,2211,2238,2740,150,140
11/29/2020-17:52:41.234714-2204,2201,2233,2740,151,140
11/29/2020-17:53:48.599261-2203,2201,2228,2740,152,141
11/29/2020-17:54:55.964566-2204,2201,2229,2740,152,141
11/29/2020-17:56:03.315902-2200,2200,2228,2740,151,140
11/29/2020-17:57:10.680944-2199,2199,2227,2740,152,140
11/29/2020-17:58:18.030940-2196,2197,2226,2739,152,141
11/29/2020-17:59:25.412232-2197,2199,2230,2738,151,140
11/29/2020-18:00:32.777724-2194,2195,2226,2739,150,140
11/29/2020-18:01:40.110446-2194,2197,2221,2740,150,141
11/29/2020-18:02:47.460927-2190,2190,2221,2739,151,141
11/29/2020-18:03:54.826355-2193,2190,2215,2739,152,142
11/29/2020-18:05:02.208169-2189,2188,2215,2740,150,140
11/29/2020-18:06:09.573194-2186,2184,2211,2739,153,142
11/29/2020-18:07:16.938826-2193,2194,2215,2739,150,140
11/29/2020-18:08:24.289082-2189,2188,2219,2739,152,140
11/29/2020-18:09:31.620406-2194,2190,2218,2739,151,141
11/29/2020-18:10:38.986861-2192,2195,2220,2739,151,140
11/29/2020-18:11:46.368182-2189,2187,2216,2739,148,138
11/29/2020-18:12:53.732751-2189,2185,2219,2739,149,140
11/29/2020-18:14:01.114376-2186,2192,2223,2738,148,139
11/29/2020-18:15:08.495066-2194,2194,2216,2738,149,140
11/29/2020-18:16:15.844647-2189,2187,2218,2738,147,137
11/29/2020-18:17:23.210700-2189,2186,2216,2738,148,139
11/29/2020-18:18:30.608924-2184,2187,2218,2739,148,139
11/29/2020-18:31:32.718801-2174,2168,2196,2738,150,141
11/29/2020-18:31:48.168466-2172,2170,2199,2738,150,140
11/29/2020-18:32:55.517718-2174,2172,2201,2738,151,141
11/29/2020-18:34:02.913401-2170,2169,2201,2738,133,122
11/29/2020-18:35:10.279816-2175,2171,2197,2737,127,114
11/29/2020-18:36:17.644947-2169,2168,2200,2737,127,120
11/29/2020-18:37:25.025745-2167,2163,2191,2738,132,120
11/29/2020-18:38:32.390774-2166,2168,2194,2738,126,120
11/29/2020-18:39:39.740390-2170,2171,2195,2737,127,121
11/29/2020-18:40:47.106286-2167,2167,2192,2737,130,119
11/29/2020-18:41:54.471195-2165,2167,2191,2737,122,117
11/29/2020-18:43:01.835278-2162,2164,2192,2737,124,116
11/29/2020-18:44:09.169928-2164,2162,2192,2737,127,117
11/29/2020-18:45:16.520125-2159,2161,2192,2737,125,115
11/29/2020-18:46:23.901203-2159,2161,2189,2737,119,111
11/29/2020-18:47:31.267032-2159,2161,2189,2737,128,116
11/29/2020-18:48:38.664273-2159,2158,2186,2737,128,116
11/29/2020-18:49:46.030262-2159,2156,2185,2737,128,116
11/29/2020-18:50:53.396360-2155,2156,2187,2737,128,118
11/29/2020-18:52:00.778738-2157,2153,2184,2736,121,115
11/29/2020-18:53:08.127754-2152,2148,2180,2736,124,113
11/29/2020-18:54:15.462969-2151,2153,2181,2737,127,114
11/29/2020-18:55:22.827719-2154,2153,2181,2736,131,117
11/29/2020-18:56:30.178849-2148,2146,2177,2737,126,114
11/29/2020-18:57:37.544888-2150,2148,2176,2736,127,117
11/29/2020-18:58:44.910570-2150,2153,2177,2736,134,122
11/29/2020-18:59:52.292816-2151,2154,2181,2736,134,123
11/29/2020-19:00:59.658207-2154,2153,2181,2736,130,120
11/29/2020-19:02:07.009028-2154,2154,2182,2736,133,121
11/29/2020-19:03:14.358678-2151,2154,2185,2736,136,122
11/29/2020-19:04:22.172085-2155,2159,2189,2736,128,122
11/29/2020-19:05:29.522088-2161,2158,2186,2736,134,122
11/29/2020-19:06:36.887568-2156,2157,2188,2736,134,126
11/29/2020-19:07:44.222381-2160,2161,2189,2735,129,120
11/29/2020-19:08:51.588496-2153,2161,2189,2736,132,122
11/29/2020-19:09:58.938582-2160,2158,2189,2736,134,124
11/29/2020-19:11:06.289095-2157,2157,2186,2736,137,126
11/29/2020-19:12:13.655532-2156,2156,2187,2736,136,125
11/29/2020-19:13:21.005800-2157,2158,2187,2736,136,127
11/29/2020-19:14:28.370942-2155,2157,2186,2736,135,124
11/29/2020-19:15:36.154359-2159,2157,2185,2736,134,123
11/29/2020-19:16:43.520470-2156,2157,2187,2735,134,126
11/29/2020-19:17:50.870259-2156,2158,2183,2736,136,127
11/29/2020-19:18:58.220926-2154,2152,2183,2735,127,120
11/29/2020-19:20:05.585967-2156,2151,2180,2735,135,124
11/29/2020-19:21:12.921941-2156,2154,2182,2735,129,121
11/29/2020-19:22:20.255522-2157,2157,2187,2735,130,121
11/29/2020-19:23:27.607104-2160,2158,2186,2735,133,123
11/29/2020-19:24:34.959157-2156,2157,2186,2735,130,121
11/29/2020-19:25:42.322092-2156,2154,2187,2735,130,122
11/29/2020-19:26:49.672898-2155,2153,2182,2735,132,121
11/29/2020-19:27:57.022849-2151,2152,2182,2735,133,123
11/29/2020-19:29:04.405213-2159,2156,2183,2735,131,120
11/29/2020-19:30:11.770703-2154,2148,2180,2735,131,119
11/29/2020-19:31:19.121652-2147,2148,2182,2735,134,122
11/29/2020-19:32:26.472427-2150,2151,2178,2734,135,122
11/29/2020-19:33:33.807178-2154,2154,2181,2735,134,122
11/29/2020-19:34:41.189423-2151,2153,2181,2735,133,120
11/29/2020-19:35:48.554778-2151,2146,2177,2734,129,121
11/29/2020-19:36:55.905928-2145,2146,2176,2734,127,117
11/29/2020-19:38:03.273459-2144,2144,2172,2734,127,118
11/29/2020-19:39:10.624454-2148,2141,2167,2734,129,120
11/29/2020-19:40:17.974213-2144,2139,2167,2734,129,120
11/29/2020-19:41:25.325710-2143,2142,2168,2734,128,120
11/29/2020-19:42:32.690903-2142,2140,2168,2734,126,119
11/29/2020-19:43:40.472356-2137,2137,2166,2734,130,118
11/29/2020-19:44:47.872400-2137,2135,2161,2734,129,120
11/29/2020-19:45:55.225081-2135,2133,2162,2734,139,130
11/29/2020-19:47:02.573025-2131,2128,2159,2734,139,129
11/29/2020-19:48:09.923416-2132,2129,2159,2734,141,128
11/29/2020-19:49:17.258496-2126,2130,2160,2734,140,128
11/29/2020-19:50:24.624902-2131,2133,2157,2734,141,128
11/29/2020-19:51:31.975096-2126,2127,2156,2734,140,128
11/29/2020-19:52:39.389857-2126,2128,2154,2733,140,129
11/29/2020-19:53:46.723723-2126,2124,2155,2734,139,129
11/29/2020-19:54:54.089252-2121,2119,2152,2734,141,128
11/29/2020-19:56:01.457000-2118,2115,2147,2734,141,129
11/29/2020-19:57:08.791959-2118,2118,2151,2734,142,129
11/29/2020-19:58:16.141468-2124,2122,2151,2734,140,128
11/29/2020-19:59:23.509113-2122,2120,2151,2734,141,129
11/29/2020-20:00:30.859962-2123,2124,2152,2734,141,129
11/29/2020-20:01:38.210437-2122,2124,2152,2733,140,129
11/29/2020-20:02:45.561161-2121,2119,2150,2733,140,129
11/29/2020-20:03:52.911100-2125,2125,2148,2732,139,127
11/29/2020-20:05:00.292839-2112,2119,2147,2733,139,128
11/29/2020-20:06:07.628442-2116,2115,2142,2733,138,127
11/29/2020-20:07:15.011330-2119,2113,2139,2733,140,128
11/29/2020-20:08:22.393161-2112,2110,2143,2733,139,127
11/29/2020-20:09:29.744390-2113,2114,2141,2733,138,128
11/29/2020-20:10:37.141998-2117,2114,2142,2733,141,127
11/29/2020-20:11:44.477009-2113,2114,2143,2733,139,127
11/29/2020-20:12:51.827582-2113,2114,2144,2733,138,126
11/29/2020-20:13:59.642159-2115,2115,2144,2733,136,128
11/29/2020-20:15:06.993487-2112,2109,2142,2733,139,126
11/29/2020-20:16:14.390919-2117,2115,2142,2733,139,127
11/29/2020-20:17:21.742345-2114,2115,2146,2731,137,124
11/29/2020-20:18:29.091371-2116,2118,2147,2732,136,125
11/29/2020-20:19:36.443613-2121,2115,2144,2732,130,121
11/29/2020-20:20:43.777432-2122,2117,2148,2732,135,124
11/29/2020-20:21:51.159983-2118,2118,2151,2732,129,120
11/29/2020-20:22:58.541148-2118,2119,2149,2732,132,118
11/29/2020-20:24:05.925323-2125,2118,2148,2732,133,120
11/29/2020-20:25:13.307872-2122,2123,2154,2731,131,118
11/29/2020-20:26:20.674963-2127,2128,2154,2732,130,118
11/29/2020-20:27:28.041435-2127,2129,2151,2732,131,119
11/29/2020-20:28:35.408037-2123,2117,2146,2732,131,118
11/29/2020-20:29:42.790701-2118,2117,2144,2732,127,123
11/29/2020-20:30:50.141475-2117,2118,2147,2732,127,121
11/29/2020-20:31:57.524418-2116,2115,2142,2732,130,119
11/29/2020-20:33:05.306241-2117,2114,2142,2732,129,120
11/29/2020-20:34:12.672790-2117,2118,2144,2732,128,121
11/29/2020-20:35:20.038951-2113,2105,2138,2732,129,118
11/29/2020-20:36:27.406049-2109,2110,2141,2732,131,119
11/29/2020-20:37:34.787532-2108,2106,2138,2732,129,119
11/29/2020-20:38:42.139478-2108,2105,2138,2732,127,121
11/29/2020-20:39:49.505484-2109,2108,2139,2731,131,119
11/29/2020-20:40:56.920140-2109,2108,2137,2731,127,119
11/29/2020-20:42:04.271627-2109,2103,2132,2732,128,117
11/29/2020-20:43:11.685792-2107,2109,2138,2732,130,118
11/29/2020-20:44:19.019937-2107,2108,2136,2731,134,122
11/29/2020-20:45:26.818960-2104,2103,2133,2731,131,119
11/29/2020-20:46:34.585722-2101,2099,2131,2731,130,119
11/29/2020-20:47:41.951039-2103,2100,2128,2730,127,119
11/29/2020-20:48:49.303013-2101,2099,2127,2731,127,118
11/29/2020-20:49:56.668634-2102,2100,2128,2731,130,120
11/29/2020-20:51:04.035429-2097,2096,2127,2731,127,117
11/29/2020-20:52:11.433235-2093,2096,2128,2730,127,118
11/29/2020-20:53:18.832583-2094,2092,2124,2731,128,118
11/29/2020-20:54:26.183077-2096,2090,2121,2731,127,118
11/29/2020-20:55:33.532811-2088,2096,2128,2730,130,119
11/29/2020-20:56:40.882954-2094,2094,2124,2730,132,121
11/29/2020-20:57:48.267261-2093,2094,2125,2730,128,118
11/29/2020-20:58:55.665466-2096,2093,2124,2730,129,118
11/29/2020-21:00:03.031804-2091,2090,2122,2730,130,120
11/29/2020-21:01:10.383183-2092,2093,2122,2730,129,119
11/29/2020-21:02:17.780756-2089,2091,2122,2730,132,120
11/29/2020-21:03:25.163459-2094,2091,2120,2730,128,119
11/29/2020-21:04:32.546024-2086,2088,2119,2730,130,120
11/29/2020-21:05:39.928346-2089,2089,2118,2730,133,122
11/29/2020-21:06:47.294838-2089,2087,2117,2730,132,121
11/29/2020-21:07:54.677725-2090,2086,2117,2730,132,121
11/29/2020-21:09:02.044406-2084,2081,2112,2730,130,119
11/29/2020-21:10:09.426334-2087,2081,2109,2730,133,122
11/29/2020-21:11:16.825858-2087,2080,2108,2730,132,120
11/29/2020-21:12:24.208909-2118,2111,2132,2730,131,120
11/29/2020-21:13:31.573975-2137,2133,2152,2729,133,119
11/29/2020-21:14:38.925561-2150,2147,2167,2730,127,115
11/29/2020-21:15:46.308116-2170,2170,2189,2730,128,119
11/29/2020-21:16:53.674902-2188,2187,2206,2729,129,120
11/29/2020-21:18:01.041622-2204,2205,2221,2729,131,119
11/29/2020-21:19:08.376141-2221,2220,2233,2730,130,119
11/29/2020-21:20:15.740999-2233,2234,2248,2730,130,120
11/29/2020-21:21:23.125054-2246,2245,2257,2729,129,120
11/29/2020-21:22:30.923016-2257,2256,2269,2729,130,120
11/29/2020-21:23:38.273873-2266,2265,2277,2728,128,119
11/29/2020-21:24:45.625536-2273,2271,2285,2728,129,120
11/29/2020-21:25:52.990729-2245,2243,2272,2729,128,120
11/29/2020-21:27:00.390548-2221,2219,2248,2729,128,121
11/29/2020-21:28:07.773472-2198,2199,2231,2729,130,120
11/29/2020-21:29:15.140686-2188,2187,2217,2729,130,120
11/29/2020-21:30:22.506660-2176,2176,2206,2729,130,120
11/29/2020-21:31:29.889935-2170,2168,2197,2729,128,119
11/29/2020-21:32:37.256069-2164,2163,2194,2729,130,120
11/29/2020-21:33:44.624091-2164,2164,2187,2729,129,120
11/29/2020-21:34:51.990244-2161,2161,2187,2729,128,120
11/29/2020-21:35:59.373168-2155,2153,2182,2729,131,121
11/29/2020-21:37:06.723314-2152,2154,2181,2728,130,120
11/29/2020-21:38:14.123199-2146,2147,2176,2729,130,120
11/29/2020-21:46:10.530620-2132,2130,2158,2728,127,122
11/29/2020-21:47:17.897922-2130,2128,2157,2728,129,118
11/29/2020-21:48:25.264169-2127,2124,2156,2728,129,120
11/29/2020-21:49:32.630992-2123,2122,2151,2727,128,120
11/29/2020-21:50:39.996022-2121,2120,2151,2727,128,118
11/29/2020-21:51:47.395530-2119,2118,2148,2729,130,118
11/29/2020-21:52:54.730553-2118,2119,2151,2726,131,120
11/29/2020-21:54:02.128731-2113,2122,2152,2728,128,121
11/29/2020-21:55:09.496359-2117,2115,2146,2727,129,117
11/29/2020-21:56:16.830666-2113,2113,2146,2727,128,119
11/29/2020-21:57:24.197806-2112,2113,2144,2727,131,118
11/29/2020-21:58:31.547881-2114,2113,2143,2727,130,118
11/29/2020-21:59:38.913361-2117,2114,2142,2727,126,119
11/29/2020-22:00:46.265823-2116,2117,2146,2727,128,117
11/29/2020-22:01:53.648376-2119,2119,2146,2727,129,119
11/29/2020-22:03:00.983638-2118,2116,2150,2727,130,117
11/29/2020-22:04:08.318158-2114,2117,2151,2727,128,118
11/29/2020-22:05:15.684730-2115,2114,2144,2727,130,119
11/29/2020-22:06:23.034957-2116,2109,2142,2727,129,119
11/29/2020-22:07:30.402549-2111,2111,2142,2727,130,119
11/29/2020-22:08:37.768734-2109,2110,2143,2727,130,120
11/29/2020-22:09:45.119845-2107,2111,2146,2727,131,120
11/29/2020-22:10:52.486240-2113,2105,2137,2727,129,118
11/29/2020-22:11:59.836459-2109,2104,2132,2727,129,120
11/29/2020-22:13:07.203615-2099,2105,2134,2726,130,120
11/29/2020-22:14:14.586311-2100,2101,2133,2726,130,120
11/29/2020-22:15:21.937120-2101,2101,2132,2727,130,119
11/29/2020-22:16:29.255486-2094,2099,2132,2726,130,119
11/29/2020-22:17:36.622302-2095,2095,2127,2726,130,120
11/29/2020-22:18:44.005058-2122,2122,2143,2726,130,120
11/29/2020-22:19:51.401427-2150,2147,2163,2727,130,119
11/29/2020-22:20:58.753835-2167,2165,2183,2726,129,119
11/29/2020-22:22:06.136652-2189,2188,2204,2726,130,118
11/29/2020-22:23:13.503068-2200,2199,2214,2725,129,119
11/29/2020-22:24:21.252485-2214,2214,2230,2725,129,119
11/29/2020-22:25:28.620444-2231,2231,2245,2725,130,120
11/29/2020-22:26:35.987217-2242,2242,2257,2725,129,120
11/29/2020-22:27:43.337380-2255,2254,2269,2726,128,120
11/29/2020-22:28:50.704180-2267,2267,2278,2726,129,119
11/29/2020-22:29:58.055036-2278,2277,2288,2725,129,120
11/29/2020-22:31:05.437208-2283,2284,2297,2725,131,119
11/29/2020-22:32:12.789240-2292,2291,2306,2726,128,120
11/29/2020-22:39:33.451729-2325,2324,2339,2724,128,119
11/29/2020-22:40:40.819064-2317,2317,2339,2724,130,121
11/29/2020-22:41:48.170188-2297,2296,2322,2724,128,120
11/29/2020-22:42:55.536208-2275,2275,2303,2724,128,121
11/29/2020-22:44:02.919746-2259,2258,2288,2725,129,120
11/29/2020-22:45:10.287071-2247,2246,2273,2724,129,121
11/29/2020-22:46:17.653799-2238,2238,2257,2725,129,119
11/29/2020-22:47:25.038030-2229,2229,2252,2724,130,120
11/29/2020-22:48:32.388464-2219,2220,2247,2725,130,121
11/29/2020-22:49:39.740173-2217,2218,2239,2725,130,120
11/29/2020-22:50:47.106540-2212,2213,2238,2724,130,120
11/29/2020-22:51:54.473219-2212,2212,2235,2724,131,121
11/29/2020-22:53:01.807978-2207,2206,2230,2725,129,120
11/29/2020-22:54:09.159060-2204,2204,2229,2725,130,121
11/29/2020-22:55:16.494858-2199,2196,2224,2725,129,120
11/29/2020-22:56:23.845390-2199,2199,2224,2725,128,121
11/29/2020-22:57:31.243271-2196,2196,2220,2725,130,119
11/29/2020-22:58:38.579746-2189,2189,2215,2725,128,120
11/29/2020-22:59:45.962315-2186,2187,2215,2724,129,121
11/29/2020-23:00:53.360044-2180,2181,2211,2724,131,120
11/29/2020-23:02:00.712946-2178,2180,2211,2725,131,120
11/29/2020-23:03:08.111278-2176,2177,2209,2725,129,120
11/29/2020-23:04:15.494625-2174,2173,2205,2724,129,120
11/29/2020-23:05:22.862293-2172,2175,2206,2725,128,121
11/29/2020-23:06:30.229317-2171,2171,2204,2724,129,120
11/29/2020-23:07:37.579824-2166,2167,2200,2724,129,121
11/29/2020-23:08:44.963667-2169,2170,2201,2725,131,119
11/29/2020-23:09:52.344950-2165,2164,2196,2725,129,120
11/29/2020-23:10:59.680928-2164,2162,2192,2725,130,121
11/29/2020-23:12:07.062262-2164,2166,2194,2724,130,121
11/29/2020-23:13:14.414657-2159,2159,2192,2725,130,120
11/29/2020-23:14:21.766843-2160,2159,2187,2724,129,121
11/29/2020-23:15:29.132698-2157,2156,2187,2724,130,120
11/29/2020-23:16:36.500614-2185,2184,2205,2725,131,121
11/29/2020-23:17:43.851136-2212,2211,2228,2725,128,120
11/29/2020-23:18:51.218251-2232,2233,2249,2724,130,120
11/29/2020-23:19:58.567497-2242,2240,2254,2724,130,120
11/29/2020-23:21:05.920034-2255,2254,2270,2724,128,120
11/29/2020-23:22:13.286546-2270,2268,2284,2723,129,119
11/29/2020-23:23:20.654791-2280,2281,2299,2724,128,120
11/29/2020-23:24:28.004974-2297,2296,2310,2724,129,119
11/29/2020-23:25:35.403681-2306,2305,2319,2723,129,120
11/29/2020-23:26:43.186930-2316,2314,2329,2724,127,119
11/29/2020-23:27:50.954528-2325,2324,2338,2723,127,118
11/29/2020-23:28:58.337793-2330,2329,2342,2723,128,118
11/29/2020-23:30:05.720403-2340,2338,2352,2723,128,119
11/29/2020-23:31:13.071567-2340,2340,2356,2723,129,119
11/29/2020-23:32:20.455160-2352,2352,2364,2724,127,119
11/29/2020-23:33:27.821261-2354,2355,2370,2724,128,118
11/29/2020-23:34:35.605072-2327,2326,2351,2724,128,120
11/29/2020-23:35:42.956219-2302,2303,2328,2724,129,120
11/29/2020-23:36:50.306168-2283,2283,2310,2724,130,119
11/29/2020-23:37:57.674244-2269,2268,2300,2724,127,118
11/29/2020-23:39:05.057830-2261,2261,2287,2723,127,120
11/29/2020-23:40:12.424713-2253,2252,2280,2723,129,119
11/29/2020-23:41:19.790829-2248,2248,2277,2723,127,117
11/29/2020-23:42:27.174795-2243,2245,2272,2723,129,119
11/29/2020-23:43:34.526743-2238,2238,2266,2724,129,120
11/29/2020-23:44:41.877983-2238,2238,2258,2724,129,119
11/29/2020-23:45:49.260249-2234,2233,2251,2724,127,118
11/29/2020-23:46:56.627293-2232,2233,2253,2723,129,119
11/29/2020-23:48:03.977998-2228,2227,2252,2723,128,119
11/29/2020-23:49:11.313810-2224,2225,2250,2723,129,120
11/29/2020-23:50:18.679571-2218,2220,2247,2723,129,120
11/29/2020-23:51:26.031925-2218,2215,2244,2723,128,118
11/29/2020-23:52:33.366845-2213,2213,2242,2723,130,120
11/29/2020-23:53:40.749877-2208,2207,2238,2723,128,120
11/29/2020-23:54:48.117086-2204,2202,2235,2723,129,120
11/29/2020-23:55:55.483818-2205,2205,2235,2723,131,120
11/29/2020-23:57:02.883521-2204,2203,2234,2723,128,119
