11/29/2020-14:21:51.026130-2132,2132,2114,2681,168,132
11/29/2020-14:22:58.361817-2146,2145,2139,2681,170,136
11/29/2020-14:24:05.711109-2152,2150,2145,2680,171,137
11/29/2020-14:25:13.062844-2156,2156,2151,2682,171,137
11/29/2020-14:26:20.445449-2177,2176,2172,2681,170,135
11/29/2020-14:27:27.764587-2180,2179,2177,2682,170,135
11/29/2020-14:28:35.146591-2190,2189,2198,2681,170,137
11/29/2020-14:29:42.498455-2189,2189,2190,2682,171,135
11/29/2020-14:30:49.832882-2206,2205,2209,2682,170,137
11/29/2020-14:31:57.216065-2206,2205,2205,2681,170,135
11/29/2020-14:33:04.597662-2202,2202,2205,2681,171,136
11/29/2020-14:34:11.949483-2209,2207,2206,2681,171,136
11/29/2020-14:35:19.332558-2206,2205,2202,2681,170,136
11/29/2020-14:36:26.715627-2205,2204,2203,2680,171,136
11/29/2020-14:37:34.098635-2215,2214,2225,2681,171,136
11/29/2020-14:38:41.449868-2216,2215,2214,2681,170,135
11/29/2020-14:39:48.831511-2220,2219,2220,2681,171,137
11/29/2020-14:40:56.246496-2233,2232,2237,2680,171,136
11/29/2020-14:42:03.582191-2230,2230,2230,2680,171,136
11/29/2020-14:43:10.980715-2249,2248,2257,2680,171,136
11/29/2020-14:44:18.300807-2241,2240,2246,2681,170,137
11/29/2020-14:45:25.700178-2240,2241,2242,2681,171,135
11/29/2020-14:46:33.034847-2242,2241,2244,2681,170,137
11/29/2020-14:47:40.434381-2243,2242,2243,2681,170,135
11/29/2020-14:48:47.833535-2242,2241,2217,2681,170,136
11/29/2020-14:49:55.152571-2229,2228,2191,2681,170,136
11/29/2020-14:51:02.502808-2209,2208,2172,2681,170,137
11/29/2020-14:59:14.521455-2142,2141,2097,2680,167,129
11/29/2020-15:00:21.871991-2147,2145,2101,2681,170,136
11/29/2020-15:45:55.720702-1913,1912,1847,2679,171,136
11/29/2020-15:47:03.104591-1922,1919,1847,2679,170,135
11/29/2020-15:48:10.486751-1915,1913,1836,2678,171,137
11/29/2020-15:49:17.852153-1898,1897,1819,2678,170,136
11/29/2020-15:50:25.187400-1917,1914,1855,2678,171,138
11/29/2020-15:51:32.537665-1909,1907,1835,2678,170,137
11/29/2020-15:52:39.887258-1899,1897,1818,2678,171,135
11/29/2020-15:53:47.239670-1894,1893,1825,2678,171,136
11/29/2020-15:54:54.606530-1887,1883,1807,2677,171,137
11/29/2020-15:56:01.955098-1889,1887,1811,2678,171,136
11/29/2020-15:57:09.322038-1876,1873,1788,2678,170,137
11/29/2020-15:58:17.088902-1860,1858,1770,2677,171,137
11/29/2020-15:59:24.439894-1872,1869,1804,2677,171,137
11/29/2020-16:00:31.820903-1867,1866,1789,2677,169,135
11/29/2020-16:01:39.187817-1862,1860,1787,2677,171,136
11/29/2020-16:02:46.537650-1858,1857,1782,2677,171,136
11/29/2020-16:03:53.904355-1860,1858,1794,2677,171,136
11/29/2020-16:05:01.271461-1859,1858,1787,2676,171,137
11/29/2020-16:06:08.620687-1852,1847,1768,2676,171,138
11/29/2020-16:13:15.895317-1846,1845,1781,2676,171,135
11/29/2020-16:42:37.520870-1768,1767,1699,2673,170,136
11/29/2020-16:43:44.871592-1768,1767,1696,2673,170,135
11/29/2020-16:44:52.253860-1774,1772,1707,2672,171,136
11/29/2020-16:45:59.620131-1773,1770,1702,2672,170,136
11/29/2020-16:47:06.985572-1773,1770,1707,2672,171,136
11/29/2020-16:48:14.351631-1764,1762,1689,2672,171,136
11/29/2020-16:49:21.717795-1779,1778,1719,2672,171,135
11/29/2020-16:50:29.085123-1774,1772,1697,2672,170,136
11/29/2020-16:51:36.467040-1758,1756,1681,2672,170,135
11/29/2020-16:52:43.816918-1759,1757,1693,2672,170,135
11/29/2020-16:53:51.166724-1759,1757,1681,2672,171,135
11/29/2020-16:54:58.533440-1750,1747,1674,2671,170,135
11/29/2020-16:56:05.914538-1751,1748,1684,2671,171,135
11/29/2020-16:57:13.264009-1751,1748,1680,2670,171,135
11/29/2020-16:58:20.629484-1750,1747,1675,2671,170,134
11/29/2020-16:59:27.996570-1750,1746,1674,2670,170,135
11/29/2020-17:00:35.378795-1746,1743,1671,2670,170,137
11/29/2020-17:01:42.745087-1749,1747,1687,2670,169,134
11/29/2020-17:02:50.111743-1747,1745,1672,2670,170,133
11/29/2020-17:03:57.477413-1745,1742,1672,2670,168,134
11/29/2020-17:05:04.843282-1741,1738,1670,2670,170,134
11/29/2020-17:06:12.225612-1732,1730,1660,2670,171,135
11/29/2020-17:07:19.607593-1736,1734,1665,2670,170,135
11/29/2020-17:08:26.973981-1732,1731,1659,2670,171,135
11/29/2020-17:09:34.323366-1735,1732,1661,2669,168,133
11/29/2020-17:10:41.689443-1731,1730,1658,2669,168,132
11/29/2020-17:11:49.072426-1732,1731,1665,2669,168,133
11/29/2020-17:12:56.438139-1740,1738,1679,2669,168,134
11/29/2020-17:14:03.804764-1732,1731,1655,2669,167,133
11/29/2020-17:15:11.170239-1735,1732,1659,2669,169,132
11/29/2020-17:16:18.552098-1724,1721,1652,2669,170,134
11/29/2020-17:17:25.901913-1722,1720,1648,2668,169,135
11/29/2020-17:18:33.235301-1722,1720,1649,2668,169,135
11/29/2020-17:19:40.585818-1716,1714,1647,2668,169,134
11/29/2020-17:20:47.951585-1714,1711,1643,2668,169,134
11/29/2020-17:20:58.639715-1715,1711,1643,2668,168,133
11/29/2020-17:22:06.020833-1715,1713,1643,2668,168,134
11/29/2020-17:23:13.387795-1713,1711,1643,2668,171,135
11/29/2020-17:24:20.753357-1718,1716,1653,2668,169,134
11/29/2020-17:24:36.076680-1719,1716,1649,2667,170,134
11/29/2020-17:25:43.427013-1720,1716,1650,2668,170,135
11/29/2020-17:26:50.793441-1720,1719,1654,2668,170,136
11/29/2020-17:27:58.159341-1731,1729,1666,2668,169,134
11/29/2020-17:29:05.525251-1727,1725,1663,2668,168,134
11/29/2020-17:30:12.891760-1727,1726,1658,2667,170,133
11/29/2020-17:31:20.257252-1714,1711,1627,2666,170,133
11/29/2020-17:32:27.639581-1706,1704,1616,2666,170,137
11/29/2020-17:33:34.974048-1675,1673,1588,2667,171,135
11/29/2020-17:34:42.324717-1673,1672,1609,2667,170,137
11/29/2020-17:35:49.673872-1671,1669,1593,2666,171,135
11/29/2020-17:36:57.040277-1682,1679,1616,2666,171,135
11/29/2020-17:38:04.390854-1646,1644,1555,2666,170,137
11/29/2020-17:39:11.757165-1651,1647,1568,2665,170,135
11/29/2020-17:40:19.105767-1649,1645,1567,2666,171,136
11/29/2020-17:41:26.472527-1659,1657,1590,2665,171,139
11/29/2020-17:42:33.822188-1642,1640,1564,2665,171,137
11/29/2020-17:43:41.172100-1632,1629,1544,2665,171,139
11/29/2020-17:44:48.538501-1638,1635,1568,2666,171,137
11/29/2020-17:45:55.888033-1643,1639,1564,2665,171,138
11/29/2020-17:47:03.253759-1630,1628,1554,2665,171,138
11/29/2020-17:48:10.602335-1630,1628,1556,2665,172,137
11/29/2020-17:49:17.922036-1645,1643,1573,2664,170,136
11/29/2020-17:50:25.303684-1632,1628,1544,2664,171,137
11/29/2020-17:51:32.652643-1607,1605,1499,2664,170,136
11/29/2020-17:52:40.033504-1583,1581,1483,2664,170,137
11/29/2020-17:53:47.384045-1581,1576,1498,2664,170,136
11/29/2020-17:54:54.749110-1573,1570,1493,2664,170,136
11/29/2020-17:56:02.116493-1569,1566,1481,2663,171,136
11/29/2020-17:57:09.481944-1555,1551,1449,2663,170,136
11/29/2020-17:58:16.830937-1534,1531,1440,2664,170,136
11/29/2020-17:59:24.197034-1528,1525,1444,2663,171,136
11/29/2020-18:00:31.562729-1495,1492,1376,2663,170,138
11/29/2020-18:01:38.911491-1505,1502,1424,2663,171,136
11/29/2020-18:02:46.260925-1501,1499,1407,2663,170,137
11/29/2020-18:03:53.611300-1485,1481,1387,2663,170,136
11/29/2020-18:05:01.008161-1516,1513,1447,2662,170,137
11/29/2020-18:06:08.358648-1521,1517,1435,2662,171,135
11/29/2020-18:07:15.723170-1528,1525,1436,2662,171,136
11/29/2020-18:08:23.089066-1519,1517,1424,2662,171,136
11/29/2020-18:09:30.422210-1516,1513,1435,2661,169,135
11/29/2020-18:10:37.786861-1505,1503,1407,2661,171,136
11/29/2020-18:11:45.152860-1518,1517,1446,2661,171,138
11/29/2020-18:12:52.517661-1516,1514,1424,2661,171,136
11/29/2020-18:13:59.914318-1517,1514,1441,2661,169,134
11/29/2020-18:15:07.279049-1506,1503,1425,2661,170,134
11/29/2020-18:16:14.646668-1529,1526,1460,2661,170,137
11/29/2020-18:17:21.995420-1533,1530,1452,2661,169,135
11/29/2020-18:18:29.409578-1523,1519,1431,2661,170,134
11/29/2020-18:31:31.520338-1462,1461,1382,2659,172,136
11/29/2020-18:31:46.968241-1450,1446,1348,2659,171,137
11/29/2020-18:32:54.318714-1439,1437,1350,2659,172,140
11/29/2020-18:34:01.698943-1533,1531,1504,2658,163,130
11/29/2020-18:35:09.080281-1602,1602,1581,2658,164,130
11/29/2020-18:36:16.444746-1649,1647,1633,2657,165,130
11/29/2020-18:37:23.810588-1683,1681,1669,2657,162,131
11/29/2020-18:38:31.192076-1704,1703,1696,2657,163,129
11/29/2020-18:39:38.540374-1721,1720,1713,2657,163,129
11/29/2020-18:40:45.906079-1731,1730,1726,2657,161,129
11/29/2020-18:41:53.256034-1745,1742,1737,2658,162,131
11/29/2020-18:43:00.621710-1752,1752,1747,2657,162,128
11/29/2020-18:44:07.970722-1762,1761,1750,2657,164,130
11/29/2020-18:45:15.320118-1764,1762,1755,2657,162,130
11/29/2020-18:46:22.701933-1767,1766,1757,2657,162,130
11/29/2020-18:47:30.051375-1769,1769,1763,2658,163,130
11/29/2020-18:48:37.448314-1774,1773,1766,2656,164,130
11/29/2020-18:49:44.814051-1778,1776,1768,2656,163,129
11/29/2020-18:50:52.196363-1783,1782,1776,2657,163,129
11/29/2020-18:51:59.562428-1787,1785,1779,2656,163,129
11/29/2020-18:53:06.913752-1791,1790,1779,2657,162,129
11/29/2020-18:54:14.262934-1795,1794,1784,2656,163,130
11/29/2020-18:55:21.613500-1794,1794,1783,2657,162,129
11/29/2020-18:56:28.978842-1798,1797,1788,2656,161,129
11/29/2020-18:57:36.344894-1801,1800,1788,2656,163,129
11/29/2020-18:58:43.711254-1801,1800,1794,2656,160,129
11/29/2020-18:59:51.092325-1806,1805,1791,2656,161,131
11/29/2020-19:00:58.442935-1810,1809,1798,2656,162,130
11/29/2020-19:02:05.809003-1811,1811,1799,2656,164,129
11/29/2020-19:03:13.143247-1816,1815,1798,2656,162,129
11/29/2020-19:04:20.956878-1819,1818,1803,2656,161,128
11/29/2020-19:05:28.322961-1819,1818,1805,2657,163,130
11/29/2020-19:06:35.673551-1819,1818,1802,2656,163,129
11/29/2020-19:07:43.023007-1824,1822,1808,2657,163,129
11/29/2020-19:08:50.389332-1826,1825,1814,2657,165,130
11/29/2020-19:09:57.739333-1826,1825,1799,2656,163,130
11/29/2020-19:11:05.073966-1830,1828,1813,2657,163,130
11/29/2020-19:12:12.439523-1827,1827,1805,2656,161,129
11/29/2020-19:13:19.805786-1830,1829,1814,2656,164,130
11/29/2020-19:14:27.155718-1834,1832,1818,2656,161,129
11/29/2020-19:15:34.954233-1836,1836,1814,2657,161,130
11/29/2020-19:16:42.303264-1837,1836,1819,2656,163,128
11/29/2020-19:17:49.653889-1838,1837,1814,2657,163,130
11/29/2020-19:18:57.021908-1840,1837,1823,2656,164,131
11/29/2020-19:20:04.371457-1842,1840,1814,2656,166,131
11/29/2020-19:21:11.721919-1842,1840,1812,2656,163,129
11/29/2020-19:22:19.056174-1843,1842,1823,2656,164,131
11/29/2020-19:23:26.405147-1845,1844,1820,2656,161,129
11/29/2020-19:24:33.756701-1847,1845,1828,2656,161,127
11/29/2020-19:25:41.106939-1846,1844,1829,2656,161,129
11/29/2020-19:26:48.473585-1846,1845,1826,2656,160,129
11/29/2020-19:27:55.807666-1850,1848,1836,2657,164,130
11/29/2020-19:29:03.205205-1848,1847,1826,2657,162,128
11/29/2020-19:30:10.555748-1850,1848,1834,2656,164,128
11/29/2020-19:31:17.922647-1851,1850,1824,2657,161,128
11/29/2020-19:32:25.272812-1852,1851,1836,2656,162,131
11/29/2020-19:33:32.608165-1855,1854,1845,2656,163,129
11/29/2020-19:34:39.973414-1856,1855,1844,2656,163,131
11/29/2020-19:35:47.340647-1858,1857,1844,2656,161,129
11/29/2020-19:36:54.707261-1856,1856,1844,2655,161,130
11/29/2020-19:38:02.056183-1858,1858,1846,2656,163,128
11/29/2020-19:39:09.424100-1860,1860,1845,2656,162,129
11/29/2020-19:40:16.775212-1862,1862,1849,2656,162,128
11/29/2020-19:41:24.125334-1864,1863,1851,2656,163,129
11/29/2020-19:42:31.491888-1863,1863,1847,2656,163,129
11/29/2020-19:43:39.257996-1863,1862,1851,2656,161,128
11/29/2020-19:44:46.656343-1862,1862,1849,2656,162,129
11/29/2020-19:45:54.022805-1865,1865,1851,2656,161,129
11/29/2020-19:47:01.357875-1865,1865,1855,2655,163,129
11/29/2020-19:48:08.707892-1866,1866,1856,2656,161,129
11/29/2020-19:49:16.059351-1868,1867,1854,2655,161,129
11/29/2020-19:50:23.425462-1867,1867,1846,2655,160,129
11/29/2020-19:51:30.775421-1868,1867,1856,2656,161,129
11/29/2020-19:52:38.173848-1869,1868,1856,2656,161,128
11/29/2020-19:53:45.508684-1871,1869,1860,2655,163,129
11/29/2020-19:54:52.875206-1870,1869,1852,2656,163,129
11/29/2020-19:56:00.241954-1871,1870,1855,2656,161,131
11/29/2020-19:57:07.591960-1872,1871,1851,2655,161,129
11/29/2020-19:58:14.927456-1872,1870,1855,2655,161,130
11/29/2020-19:59:22.308663-1873,1872,1862,2655,161,129
11/29/2020-20:00:29.659953-1873,1872,1859,2655,163,129
11/29/2020-20:01:37.011439-1872,1872,1851,2655,162,130
11/29/2020-20:02:44.360975-1876,1873,1865,2656,162,129
11/29/2020-20:03:51.695712-1876,1876,1863,2655,162,128
11/29/2020-20:04:59.078795-1877,1876,1867,2655,163,130
11/29/2020-20:06:06.428239-1879,1877,1868,2656,164,129
11/29/2020-20:07:13.811365-1881,1878,1871,2655,162,129
11/29/2020-20:08:21.177545-1881,1879,1866,2655,161,130
11/29/2020-20:09:28.543943-1881,1879,1867,2656,161,128
11/29/2020-20:10:35.942747-1879,1878,1861,2655,164,128
11/29/2020-20:11:43.277952-1881,1878,1869,2656,161,130
11/29/2020-20:12:50.628578-1883,1881,1872,2655,161,128
11/29/2020-20:13:58.427153-1886,1884,1876,2655,161,130
11/29/2020-20:15:05.777347-1887,1885,1878,2655,162,130
11/29/2020-20:16:13.174939-1886,1883,1878,2656,162,130
11/29/2020-20:17:20.541127-1886,1884,1877,2656,164,129
11/29/2020-20:18:27.876087-1886,1884,1873,2655,164,130
11/29/2020-20:19:35.243648-1888,1888,1881,2656,165,130
11/29/2020-20:20:42.577403-1889,1887,1876,2655,165,130
11/29/2020-20:21:49.944725-1888,1887,1881,2656,163,131
11/29/2020-20:22:57.327132-1891,1889,1883,2656,165,131
11/29/2020-20:24:04.725317-1889,1889,1883,2655,164,129
11/29/2020-20:25:12.092784-1891,1891,1881,2655,161,130
11/29/2020-20:26:19.474587-1889,1888,1875,2655,164,130
11/29/2020-20:27:26.841422-1889,1888,1875,2655,165,130
11/29/2020-20:28:34.191639-1889,1888,1873,2655,165,130
11/29/2020-20:29:41.575679-1892,1891,1879,2655,164,130
11/29/2020-20:30:48.942285-1891,1889,1882,2656,163,129
11/29/2020-20:31:56.324251-1892,1892,1881,2656,166,131
11/29/2020-20:33:04.106234-1894,1893,1882,2656,164,131
11/29/2020-20:34:11.472796-1894,1893,1886,2656,165,130
11/29/2020-20:35:18.839859-1895,1894,1883,2655,165,130
11/29/2020-20:36:26.190843-1897,1895,1889,2656,165,129
11/29/2020-20:37:33.572466-1902,1901,1893,2655,164,130
11/29/2020-20:38:40.924230-1901,1901,1891,2655,165,129
11/29/2020-20:39:48.306103-1900,1899,1887,2655,165,130
11/29/2020-20:40:55.703941-1902,1901,1891,2655,163,132
11/29/2020-20:42:03.071321-1902,1901,1893,2655,165,130
11/29/2020-20:43:10.470459-1902,1901,1891,2655,163,131
11/29/2020-20:44:17.820565-1901,1899,1892,2656,163,131
11/29/2020-20:45:25.619946-1904,1902,1895,2656,163,130
11/29/2020-20:46:33.385587-1905,1903,1896,2656,166,131
11/29/2020-20:47:40.735398-1902,1901,1892,2656,164,131
11/29/2020-20:48:48.086672-1902,1901,1894,2656,165,131
11/29/2020-20:49:55.452486-1905,1903,1895,2656,164,130
11/29/2020-20:51:02.819325-1904,1902,1894,2656,163,129
11/29/2020-20:52:10.218139-1904,1903,1896,2655,163,130
11/29/2020-20:53:17.616534-1904,1903,1896,2655,163,130
11/29/2020-20:54:24.983779-1908,1906,1899,2655,166,132
11/29/2020-20:55:32.317720-1905,1903,1893,2655,165,131
11/29/2020-20:56:39.666962-1904,1903,1891,2656,166,131
11/29/2020-20:57:47.050068-1900,1899,1892,2655,164,130
11/29/2020-20:58:54.450294-1902,1901,1892,2656,165,131
11/29/2020-21:00:01.831667-1900,1899,1891,2656,166,131
11/29/2020-21:01:09.182957-1900,1899,1891,2655,164,130
11/29/2020-21:02:16.564746-1902,1901,1891,2655,164,131
11/29/2020-21:03:23.963975-1905,1903,1896,2655,165,130
11/29/2020-21:04:31.330839-1905,1904,1896,2655,164,130
11/29/2020-21:05:38.729090-1906,1904,1898,2655,164,130
11/29/2020-21:06:46.095544-1907,1904,1897,2655,165,131
11/29/2020-21:07:53.478617-1909,1908,1902,2656,166,131
11/29/2020-21:09:00.829170-1908,1908,1899,2656,165,132
11/29/2020-21:10:08.211376-1909,1908,1899,2655,164,130
11/29/2020-21:11:15.609640-1908,1907,1901,2655,163,130
11/29/2020-21:12:22.992433-1920,1920,1917,2655,163,131
11/29/2020-21:13:30.359930-1939,1938,1933,2655,163,131
11/29/2020-21:14:37.726202-1956,1955,1952,2656,130,090
11/29/2020-21:15:45.093151-1973,1972,1968,2656,155,125
11/29/2020-21:16:52.475285-1984,1983,1979,2655,154,126
11/29/2020-21:17:59.825260-1989,1988,1986,2656,155,124
11/29/2020-21:19:07.176003-1996,1997,1994,2656,156,125
11/29/2020-21:20:14.526785-2000,1999,1999,2656,154,126
11/29/2020-21:21:21.909486-2010,2008,2007,2656,154,124
11/29/2020-21:22:29.707928-2014,2013,2013,2656,157,125
11/29/2020-21:23:37.057925-2018,2018,2017,2655,156,124
11/29/2020-21:24:44.424478-2020,2019,2018,2656,155,125
11/29/2020-21:25:51.776689-2015,2014,2014,2656,154,126
11/29/2020-21:26:59.190382-2009,2008,2008,2655,157,126
11/29/2020-21:28:06.573419-2004,2003,2003,2656,156,125
11/29/2020-21:29:13.923483-1996,1995,1995,2656,156,125
11/29/2020-21:30:21.307650-1991,1990,1989,2655,155,124
11/29/2020-21:31:28.690711-1990,1989,1988,2656,155,125
11/29/2020-21:32:36.042068-1985,1983,1982,2656,156,124
11/29/2020-21:33:43.408663-1984,1983,1982,2655,155,126
11/29/2020-21:34:50.791011-1981,1980,1978,2656,157,124
11/29/2020-21:35:58.158155-1979,1978,1974,2655,155,124
11/29/2020-21:37:05.524300-1975,1974,1969,2656,155,125
11/29/2020-21:38:12.905964-1970,1969,1964,2656,158,125
11/29/2020-21:46:09.313618-1959,1957,1952,2656,150,121
11/29/2020-21:47:16.697705-1959,1958,1946,2655,155,126
11/29/2020-21:48:24.064160-1959,1958,1949,2656,157,126
11/29/2020-21:49:31.414969-1958,1957,1949,2656,157,126
11/29/2020-21:50:38.781796-1956,1955,1948,2656,158,127
11/29/2020-21:51:46.179477-1958,1957,1949,2655,159,126
11/29/2020-21:52:53.530785-1958,1957,1949,2655,158,126
11/29/2020-21:54:00.913399-1957,1956,1948,2656,155,125
11/29/2020-21:55:08.296956-1957,1955,1948,2656,158,125
11/29/2020-21:56:15.631006-1955,1954,1948,2656,153,126
11/29/2020-21:57:22.998377-1959,1958,1949,2655,156,125
11/29/2020-21:58:30.347900-1960,1959,1952,2655,157,128
11/29/2020-21:59:37.698369-1962,1961,1952,2655,159,125
11/29/2020-22:00:45.048768-1961,1959,1951,2655,158,125
11/29/2020-22:01:52.448374-1960,1958,1949,2655,156,124
11/29/2020-22:02:59.766638-1959,1958,1950,2656,158,127
11/29/2020-22:04:07.117940-1958,1958,1949,2655,158,126
11/29/2020-22:05:14.468081-1958,1958,1949,2655,157,126
11/29/2020-22:06:21.819952-1957,1955,1944,2655,156,125
11/29/2020-22:07:29.202405-1956,1955,1948,2655,156,125
11/29/2020-22:08:36.553464-1956,1954,1946,2656,158,125
11/29/2020-22:09:43.919835-1954,1953,1944,2655,156,126
11/29/2020-22:10:51.270189-1953,1950,1941,2655,158,125
11/29/2020-22:11:58.637261-1953,1952,1937,2656,155,124
11/29/2020-22:13:06.003600-1953,1951,1942,2655,156,125
11/29/2020-22:14:13.370928-1951,1949,1940,2655,157,126
11/29/2020-22:15:20.722102-1953,1952,1942,2655,157,127
11/29/2020-22:16:28.056164-1951,1949,1938,2656,158,125
11/29/2020-22:17:35.406285-1951,1950,1938,2655,154,124
11/29/2020-22:18:42.789856-1960,1959,1954,2655,155,126
11/29/2020-22:19:50.188378-1981,1979,1974,2655,158,126
11/29/2020-22:20:57.553828-1998,1998,1993,2656,155,126
11/29/2020-22:22:04.919480-2010,2009,2005,2656,156,127
11/29/2020-22:23:12.303067-2020,2019,2017,2655,157,124
11/29/2020-22:24:20.053263-2033,2032,2030,2656,155,126
11/29/2020-22:25:27.419129-2036,2035,2034,2655,157,125
11/29/2020-22:26:34.787014-2043,2041,2040,2656,155,125
11/29/2020-22:27:42.137371-2053,2052,2050,2655,157,124
11/29/2020-22:28:49.504908-2056,2057,2054,2655,155,126
11/29/2020-22:29:56.855039-2060,2061,2059,2656,156,125
11/29/2020-22:31:04.222231-2066,2067,2064,2655,157,124
11/29/2020-22:32:11.590229-2073,2072,2070,2656,155,124
11/29/2020-22:39:32.251577-2100,2099,2099,2655,157,126
11/29/2020-22:40:39.619933-2098,2097,2098,2656,156,126
11/29/2020-22:41:46.970181-2090,2089,2090,2656,156,126
11/29/2020-22:42:54.321221-2086,2085,2087,2655,158,124
11/29/2020-22:44:01.704528-2083,2082,2083,2656,155,125
11/29/2020-22:45:09.071866-2080,2079,2080,2655,156,126
11/29/2020-22:46:16.454367-2078,2077,2077,2655,154,125
11/29/2020-22:47:23.822005-2078,2077,2078,2655,156,125
11/29/2020-22:48:31.189461-2078,2077,2078,2656,158,125
11/29/2020-22:49:38.539964-2078,2076,2077,2655,155,126
11/29/2020-22:50:45.890528-2078,2077,2077,2657,157,124
11/29/2020-22:51:53.257878-2079,2078,2078,2655,157,124
11/29/2020-22:53:00.592764-2079,2078,2079,2657,154,124
11/29/2020-22:54:07.943662-2079,2078,2078,2656,156,124
11/29/2020-22:55:15.278856-2079,2077,2079,2656,157,125
11/29/2020-22:56:22.630041-2075,2074,2075,2656,156,125
11/29/2020-22:57:30.029231-2076,2074,2077,2656,154,126
11/29/2020-22:58:37.380727-2078,2077,2078,2656,154,126
11/29/2020-22:59:44.763302-2075,2074,2075,2656,157,126
11/29/2020-23:00:52.146028-2073,2072,2072,2656,156,126
11/29/2020-23:01:59.512671-2070,2069,2070,2656,158,126
11/29/2020-23:03:06.895727-2070,2069,2069,2656,157,125
11/29/2020-23:04:14.279620-2069,2067,2069,2656,155,125
11/29/2020-23:05:21.646283-2069,2068,2068,2657,157,125
11/29/2020-23:06:29.029329-2069,2068,2068,2656,159,124
11/29/2020-23:07:36.379813-2070,2069,2068,2656,157,125
11/29/2020-23:08:43.746401-2070,2069,2069,2656,156,126
11/29/2020-23:09:51.129915-2070,2068,2068,2657,157,126
11/29/2020-23:10:58.480919-2073,2070,2070,2656,157,126
11/29/2020-23:12:05.847764-2068,2068,2067,2656,156,126
11/29/2020-23:13:13.198649-2070,2069,2068,2657,153,126
11/29/2020-23:14:20.566567-2069,2068,2065,2656,155,124
11/29/2020-23:15:27.933491-2070,2070,2067,2657,156,127
11/29/2020-23:16:35.284616-2077,2076,2075,2656,156,125
11/29/2020-23:17:42.651146-2087,2086,2085,2657,157,125
11/29/2020-23:18:50.003053-2095,2094,2094,2657,157,125
11/29/2020-23:19:57.352553-2104,2102,2103,2657,159,126
11/29/2020-23:21:04.720697-2112,2111,2111,2656,155,125
11/29/2020-23:22:12.086538-2119,2118,2118,2656,157,124
11/29/2020-23:23:19.439314-2124,2125,2124,2657,155,125
11/29/2020-23:24:26.805942-2130,2130,2129,2657,155,125
11/29/2020-23:25:34.188679-2134,2133,2133,2657,156,124
11/29/2020-23:26:41.987933-2139,2140,2139,2657,157,124
11/29/2020-23:27:49.754542-2145,2144,2145,2657,157,125
11/29/2020-23:28:57.121778-2148,2146,2148,2656,159,124
11/29/2020-23:30:04.521393-2151,2150,2152,2657,156,125
11/29/2020-23:31:11.872357-2154,2153,2155,2657,155,125
11/29/2020-23:32:19.255153-2158,2157,2158,2657,158,125
11/29/2020-23:33:26.607112-2158,2157,2158,2657,157,124
11/29/2020-23:34:34.405079-2154,2154,2155,2656,158,124
11/29/2020-23:35:41.756215-2151,2150,2152,2657,157,125
11/29/2020-23:36:49.092126-2148,2147,2150,2656,156,125
11/29/2020-23:37:56.474236-2147,2146,2147,2657,155,125
11/29/2020-23:39:03.857810-2144,2145,2146,2657,156,125
11/29/2020-23:40:11.224648-2143,2142,2143,2657,158,124
11/29/2020-23:41:18.575777-2142,2140,2143,2657,157,124
11/29/2020-23:42:25.959632-2142,2140,2142,2657,155,125
11/29/2020-23:43:33.327702-2141,2141,2141,2657,155,125
11/29/2020-23:44:40.677600-2141,2140,2142,2657,158,124
11/29/2020-23:45:48.060847-2141,2140,2141,2656,159,124
11/29/2020-23:46:55.412193-2141,2140,2141,2656,156,124
11/29/2020-23:48:02.763032-2138,2137,2138,2657,157,124
11/29/2020-23:49:10.114599-2137,2136,2137,2656,154,124
11/29/2020-23:50:17.465356-2138,2136,2137,2657,156,124
11/29/2020-23:51:24.831961-2135,2134,2136,2658,156,124
11/29/2020-23:52:32.167321-2134,2133,2134,2657,155,124
11/29/2020-23:53:39.550675-2131,2131,2132,2657,157,124
11/29/2020-23:54:46.917521-2132,2132,2132,2657,158,124
11/29/2020-23:55:54.284821-2132,2131,2132,2656,155,124
11/29/2020-23:57:01.683350-2131,2131,2132,2658,156,126
